0	1000	2000	3000	4000	5000	6000	7000	8000	9000	10000	11000	12000	13000	14000	15000	16000	17000	18000	19000	100000
300	4.52501e-79	3.19966e-79	2.61251e-79	2.2625e-79	2.02364e-79	1.84733e-79	1.71029e-79	1.59983e-79	1.50834e-79	1.43093e-79	1.36434e-79	1.30626e-79	1.25501e-79	1.20936e-79	1.16835e-79	1.13125e-79	1.09748e-79	1.06655e-79	1.03811e-79	4.52501e-80
350	2.60945e-67	1.84516e-67	1.50657e-67	1.30472e-67	1.16698e-67	1.0653e-67	9.86279e-68	9.22579e-68	8.69816e-68	8.2518e-68	7.86778e-68	7.53283e-68	7.23731e-68	6.97404e-68	6.73757e-68	6.52362e-68	6.32884e-68	6.15053e-68	5.98648e-68	2.60945e-68
400	1.75005e-58	1.23747e-58	1.01039e-58	8.75027e-59	7.82648e-59	7.14456e-59	6.61458e-59	6.18737e-59	5.83351e-59	5.53415e-59	5.27661e-59	5.05197e-59	4.85377e-59	4.67721e-59	4.51862e-59	4.37513e-59	4.2445e-59	4.12492e-59	4.0149e-59	1.75005e-59
450	1.29596e-51	9.16379e-52	7.4822e-52	6.47978e-52	5.79569e-52	5.29071e-52	4.89825e-52	4.58189e-52	4.31985e-52	4.09817e-52	3.90745e-52	3.7411e-52	3.59433e-52	3.46359e-52	3.34614e-52	3.23989e-52	3.14315e-52	3.0546e-52	2.97312e-52	1.29596e-52
500	4.09038e-46	2.89234e-46	2.36158e-46	2.04519e-46	1.82927e-46	1.66989e-46	1.54602e-46	1.44617e-46	1.36346e-46	1.29349e-46	1.2333e-46	1.18079e-46	1.13447e-46	1.0932e-46	1.05613e-46	1.02259e-46	9.92063e-47	9.64112e-47	9.38397e-47	4.09038e-47
550	1.29999e-41	9.1923e-42	7.50548e-42	6.49994e-42	5.81372e-42	5.30717e-42	4.91349e-42	4.59615e-42	4.33329e-42	4.11092e-42	3.91961e-42	3.75274e-42	3.60552e-42	3.47436e-42	3.35655e-42	3.24997e-42	3.15293e-42	3.0641e-42	2.98237e-42	1.29999e-42
600	7.38039e-38	5.21872e-38	4.26107e-38	3.6902e-38	3.30061e-38	3.01303e-38	2.78953e-38	2.60936e-38	2.46013e-38	2.33388e-38	2.22527e-38	2.13054e-38	2.04695e-38	1.97249e-38	1.90561e-38	1.8451e-38	1.79001e-38	1.73957e-38	1.69318e-38	7.38039e-39
650	1.11322e-34	7.87166e-35	6.42718e-35	5.5661e-35	4.97847e-35	4.54471e-35	4.20758e-35	3.93583e-35	3.71074e-35	3.52031e-35	3.35649e-35	3.21359e-35	3.08752e-35	2.97521e-35	2.87432e-35	2.78305e-35	2.69996e-35	2.62389e-35	2.5539e-35	1.11322e-35
700	5.92398e-32	4.18889e-32	3.42021e-32	2.96199e-32	2.64928e-32	2.41845e-32	2.23905e-32	2.09444e-32	1.97466e-32	1.87333e-32	1.78615e-32	1.71011e-32	1.64302e-32	1.58325e-32	1.52956e-32	1.48099e-32	1.43678e-32	1.3963e-32	1.35905e-32	5.92398e-33
750	1.36937e-29	9.68293e-30	7.90608e-30	6.84687e-30	6.12402e-30	5.59044e-30	5.17574e-30	4.84146e-30	4.56458e-30	4.33034e-30	4.12882e-30	3.95304e-30	3.79796e-30	3.6598e-30	3.53571e-30	3.42343e-30	3.32122e-30	3.22764e-30	3.14156e-30	1.36937e-30
800	1.60725e-27	1.1365e-27	9.27945e-28	8.03624e-28	7.18783e-28	6.56156e-28	6.07483e-28	5.68248e-28	5.35749e-28	5.08256e-28	4.84604e-28	4.63973e-28	4.4577e-28	4.29555e-28	4.1499e-28	4.01812e-28	3.89815e-28	3.78832e-28	3.68728e-28	1.60725e-28
850	1.0793e-25	7.63178e-26	6.23132e-26	5.39648e-26	4.82676e-26	4.40621e-26	4.07936e-26	3.81589e-26	3.59765e-26	3.41303e-26	3.2542e-26	3.11566e-26	2.99343e-26	2.88454e-26	2.78673e-26	2.69824e-26	2.61768e-26	2.54393e-26	2.47607e-26	1.0793e-26
900	4.55019e-24	3.21747e-24	2.62705e-24	2.27509e-24	2.0349e-24	1.85761e-24	1.71981e-24	1.60873e-24	1.51673e-24	1.4389e-24	1.37193e-24	1.31353e-24	1.26199e-24	1.21609e-24	1.17485e-24	1.13755e-24	1.10358e-24	1.07249e-24	1.04388e-24	4.55019e-25
950	1.29599e-22	9.16402e-23	7.48239e-23	6.47994e-23	5.79583e-23	5.29085e-23	4.89837e-23	4.58201e-23	4.31996e-23	4.09827e-23	3.90755e-23	3.7412e-23	3.59442e-23	3.46367e-23	3.34623e-23	3.23997e-23	3.14323e-23	3.05467e-23	2.9732e-23	1.29599e-23
1000	2.64451e-21	1.86995e-21	1.52681e-21	1.32226e-21	1.18266e-21	1.07962e-21	9.99532e-22	9.34977e-22	8.81505e-22	8.36269e-22	7.97351e-22	7.63405e-22	7.33456e-22	7.06776e-22	6.82811e-22	6.61128e-22	6.41389e-22	6.23318e-22	6.06693e-22	2.64451e-22
1050	4.05419e-20	2.86675e-20	2.34069e-20	2.0271e-20	1.81309e-20	1.65512e-20	1.53234e-20	1.43337e-20	1.3514e-20	1.28205e-20	1.22238e-20	1.17034e-20	1.12443e-20	1.08353e-20	1.04679e-20	1.01355e-20	9.83286e-21	9.55582e-21	9.30095e-21	4.05419e-21
1100	4.85477e-19	3.43284e-19	2.8029e-19	2.42738e-19	2.17112e-19	1.98195e-19	1.83493e-19	1.71642e-19	1.61826e-19	1.53521e-19	1.46377e-19	1.40145e-19	1.34647e-19	1.29749e-19	1.2535e-19	1.21369e-19	1.17745e-19	1.14428e-19	1.11376e-19	4.85477e-20
1150	4.68919e-18	3.31576e-18	2.70731e-18	2.3446e-18	2.09707e-18	1.91435e-18	1.77235e-18	1.65788e-18	1.56306e-18	1.48285e-18	1.41384e-18	1.35365e-18	1.30055e-18	1.25324e-18	1.21074e-18	1.1723e-18	1.1373e-18	1.10525e-18	1.07577e-18	4.68919e-19
1200	3.75257e-17	2.65347e-17	2.16655e-17	1.87629e-17	1.6782e-17	1.53198e-17	1.41834e-17	1.32673e-17	1.25086e-17	1.18667e-17	1.13144e-17	1.08327e-17	1.04078e-17	1.00292e-17	9.6891e-18	9.38143e-18	9.10132e-18	8.84489e-18	8.60899e-18	3.75257e-18
1250	2.54471e-16	1.79938e-16	1.46919e-16	1.27236e-16	1.13803e-16	1.03887e-16	9.61811e-17	8.99692e-17	8.48238e-17	8.04709e-17	7.6726e-17	7.34596e-17	7.05777e-17	6.80103e-17	6.57042e-17	6.36178e-17	6.17184e-17	5.99795e-17	5.83797e-17	2.54471e-17
1300	1.4904e-15	1.05387e-15	8.60485e-16	7.45202e-16	6.66529e-16	6.08455e-16	5.63319e-16	5.26937e-16	4.96801e-16	4.71307e-16	4.49373e-16	4.30242e-16	4.13363e-16	3.98327e-16	3.8482e-16	3.72601e-16	3.61476e-16	3.51291e-16	3.41922e-16	1.4904e-16
1350	7.66258e-15	5.41826e-15	4.42399e-15	3.83129e-15	3.42681e-15	3.12824e-15	2.89618e-15	2.70913e-15	2.55419e-15	2.42312e-15	2.31036e-15	2.212e-15	2.12522e-15	2.04791e-15	1.97847e-15	1.91565e-15	1.85845e-15	1.80609e-15	1.75792e-15	7.66258e-16
1400	3.5067e-14	2.47961e-14	2.0246e-14	1.75335e-14	1.56825e-14	1.43161e-14	1.32541e-14	1.23981e-14	1.1689e-14	1.10892e-14	1.05731e-14	1.0123e-14	9.72585e-15	9.37206e-15	9.05427e-15	8.76676e-15	8.50501e-15	8.26538e-15	8.04493e-15	3.50671e-15
1450	1.44573e-13	1.02229e-13	8.34696e-14	7.22868e-14	6.46553e-14	5.90219e-14	5.46437e-14	5.11145e-14	4.81912e-14	4.57182e-14	4.35906e-14	4.17348e-14	4.00975e-14	3.86389e-14	3.73288e-14	3.61434e-14	3.50643e-14	3.40763e-14	3.31675e-14	1.44574e-14
1500	5.42579e-13	3.83662e-13	3.13259e-13	2.7129e-13	2.4265e-13	2.21508e-13	2.05076e-13	1.91831e-13	1.8086e-13	1.71579e-13	1.63594e-13	1.5663e-13	1.50485e-13	1.45011e-13	1.40094e-13	1.35645e-13	1.31595e-13	1.27888e-13	1.24477e-13	5.42582e-14
1550	1.87051e-12	1.32265e-12	1.07994e-12	9.3526e-13	8.36522e-13	7.63637e-13	7.06991e-13	6.61329e-13	6.23507e-13	5.91511e-13	5.63984e-13	5.39974e-13	5.1879e-13	4.99918e-13	4.82967e-13	4.67631e-13	4.53669e-13	4.40887e-13	4.29128e-13	1.87053e-13
1600	5.9707e-12	4.22194e-12	3.44721e-12	2.98537e-12	2.6702e-12	2.43755e-12	2.25673e-12	2.11098e-12	1.99025e-12	1.88812e-12	1.80025e-12	1.72361e-12	1.65599e-12	1.59576e-12	1.54165e-12	1.49269e-12	1.44813e-12	1.40732e-12	1.36979e-12	5.97079e-13
1650	1.77699e-11	1.25653e-11	1.02596e-11	8.8851e-12	7.94708e-12	7.25467e-12	6.71653e-12	6.28274e-12	5.92343e-12	5.61946e-12	5.35795e-12	5.12984e-12	4.9286e-12	4.74932e-12	4.58828e-12	4.44258e-12	4.30994e-12	4.18851e-12	4.07679e-12	1.77704e-12
1700	4.96151e-11	3.50837e-11	2.86459e-11	2.48082e-11	2.21892e-11	2.02559e-11	1.87534e-11	1.75422e-11	1.65389e-11	1.56902e-11	1.49601e-11	1.43232e-11	1.37613e-11	1.32607e-11	1.28111e-11	1.24043e-11	1.20339e-11	1.16949e-11	1.13829e-11	4.96174e-12
1750	1.3067e-10	9.24003e-11	7.54454e-11	6.5338e-11	5.84404e-11	5.33487e-11	4.93914e-11	4.62016e-11	4.35593e-11	4.13241e-11	3.9401e-11	3.77236e-11	3.62437e-11	3.49254e-11	3.37411e-11	3.26697e-11	3.16943e-11	3.08014e-11	2.99798e-11	1.30681e-11
1800	3.26196e-10	2.30665e-10	1.8834e-10	1.63109e-10	1.4589e-10	1.3318e-10	1.23301e-10	1.15338e-10	1.08742e-10	1.03162e-10	9.83613e-11	9.4174e-11	9.04796e-11	8.71884e-11	8.42321e-11	8.15575e-11	7.91225e-11	7.68933e-11	7.48425e-11	3.26237e-11
1850	7.75161e-10	5.48157e-10	4.47581e-10	3.87623e-10	3.46705e-10	3.16499e-10	2.93023e-10	2.741e-10	2.58425e-10	2.45164e-10	2.33756e-10	2.23805e-10	2.15025e-10	2.07204e-10	2.00178e-10	1.93822e-10	1.88036e-10	1.82738e-10	1.77864e-10	7.75315e-11
1900	1.76033e-09	1.24487e-09	1.01647e-09	8.80315e-10	7.87392e-10	7.18797e-10	6.65484e-10	6.22508e-10	5.8691e-10	5.56795e-10	5.30886e-10	5.08287e-10	4.88348e-10	4.70586e-10	4.5463e-10	4.40195e-10	4.27053e-10	4.15022e-10	4.03954e-10	1.76087e-10
1950	3.83344e-09	2.71106e-09	2.21372e-09	1.91721e-09	1.71485e-09	1.56547e-09	1.44937e-09	1.35578e-09	1.27825e-09	1.21267e-09	1.15624e-09	1.10702e-09	1.0636e-09	1.02492e-09	9.90168e-10	9.5873e-10	9.30108e-10	9.03906e-10	8.798e-10	3.83521e-10
2000	8.0302e-09	5.67946e-09	4.63772e-09	4.01662e-09	3.59272e-09	3.27978e-09	3.03656e-09	2.84049e-09	2.67808e-09	2.54069e-09	2.42248e-09	2.31937e-09	2.22839e-09	2.14735e-09	2.07455e-09	2.00869e-09	1.94873e-09	1.89383e-09	1.84333e-09	8.03568e-10
2050	1.62264e-08	1.14775e-08	9.37265e-09	8.11764e-09	7.26106e-09	6.6287e-09	6.13718e-09	5.74096e-09	5.41275e-09	5.13509e-09	4.89619e-09	4.68781e-09	4.50396e-09	4.34017e-09	4.19305e-09	4.05994e-09	3.93875e-09	3.82781e-09	3.72574e-09	1.62424e-09
2100	3.17085e-08	2.24315e-08	1.83189e-08	1.58666e-08	1.41926e-08	1.29568e-08	1.19963e-08	1.12219e-08	1.05805e-08	1.00378e-08	9.57086e-09	9.16358e-09	8.80424e-09	8.48411e-09	8.19655e-09	7.93638e-09	7.69951e-09	7.48266e-09	7.28315e-09	3.1753e-09
2150	6.00589e-08	4.2495e-08	3.47068e-08	3.0062e-08	2.68914e-08	2.45504e-08	2.27308e-08	2.12638e-08	2.00486e-08	1.90205e-08	1.81359e-08	1.73643e-08	1.66835e-08	1.6077e-08	1.55321e-08	1.50392e-08	1.45904e-08	1.41795e-08	1.38015e-08	6.01766e-09
2200	1.10491e-07	7.81968e-08	6.38721e-08	5.53277e-08	4.94944e-08	4.51873e-08	4.18391e-08	3.91397e-08	3.69035e-08	3.50116e-08	3.33837e-08	3.19637e-08	3.07108e-08	2.95945e-08	2.85918e-08	2.76846e-08	2.68586e-08	2.61024e-08	2.54067e-08	1.10789e-08
2250	1.97807e-07	1.40034e-07	1.14397e-07	9.91015e-08	8.8658e-08	8.09461e-08	7.49507e-08	7.0117e-08	6.61123e-08	6.2724e-08	5.98086e-08	5.72654e-08	5.50213e-08	5.30221e-08	5.12261e-08	4.96011e-08	4.81216e-08	4.67671e-08	4.55209e-08	1.98526e-08
2300	3.45193e-07	2.44465e-07	1.99743e-07	1.73054e-07	1.54828e-07	1.41368e-07	1.30903e-07	1.22465e-07	1.15473e-07	1.09558e-07	1.04468e-07	1.00027e-07	9.6109e-08	9.2618e-08	8.94819e-08	8.66444e-08	8.40608e-08	8.16955e-08	7.95192e-08	3.46862e-08
2350	5.88115e-07	4.16696e-07	3.40539e-07	2.95076e-07	2.64022e-07	2.41085e-07	2.23249e-07	2.08867e-07	1.9695e-07	1.86866e-07	1.78188e-07	1.70618e-07	1.63938e-07	1.57986e-07	1.52639e-07	1.478e-07	1.43395e-07	1.39362e-07	1.35651e-07	5.91843e-08
2400	9.79628e-07	6.94486e-07	5.67706e-07	4.91993e-07	4.40264e-07	4.02048e-07	3.72327e-07	3.48359e-07	3.28497e-07	3.11689e-07	2.97225e-07	2.84605e-07	2.73468e-07	2.63545e-07	2.54631e-07	2.46564e-07	2.39219e-07	2.32494e-07	2.26306e-07	9.87648e-08
2450	1.59745e-06	1.13323e-06	9.26645e-07	8.03214e-07	7.18858e-07	6.56524e-07	6.08039e-07	5.68932e-07	5.36523e-07	5.09094e-07	4.85487e-07	4.64889e-07	4.46711e-07	4.30514e-07	4.15961e-07	4.02792e-07	3.908e-07	3.79821e-07	3.69718e-07	1.61409e-07
2500	2.55319e-06	1.81262e-06	1.48273e-06	1.28552e-06	1.15069e-06	1.05103e-06	9.73504e-07	9.1096e-07	8.59121e-07	8.15243e-07	7.77475e-07	7.4452e-07	7.15434e-07	6.89515e-07	6.66226e-07	6.45151e-07	6.25959e-07	6.08386e-07	5.92216e-07	2.58656e-07
2550	4.00422e-06	2.84523e-06	2.32838e-06	2.01922e-06	1.80777e-06	1.65143e-06	1.52978e-06	1.43163e-06	1.35026e-06	1.28138e-06	1.22208e-06	1.17034e-06	1.12466e-06	1.08396e-06	1.04739e-06	1.01428e-06	9.8414e-07	9.56537e-07	9.31136e-07	4.0689e-07
2600	6.16868e-06	4.38728e-06	3.592e-06	3.11598e-06	2.79026e-06	2.54937e-06	2.36187e-06	2.21055e-06	2.0851e-06	1.97887e-06	1.88742e-06	1.80761e-06	1.73715e-06	1.67436e-06	1.61792e-06	1.56685e-06	1.52033e-06	1.47774e-06	1.43854e-06	6.28998e-07
2650	9.34422e-06	6.65223e-06	5.44914e-06	4.72856e-06	4.23528e-06	3.87032e-06	3.58619e-06	3.35683e-06	3.16662e-06	3.00556e-06	2.86687e-06	2.74582e-06	2.63894e-06	2.54368e-06	2.45806e-06	2.38057e-06	2.30999e-06	2.24535e-06	2.18586e-06	9.56443e-07
2700	1.39313e-05	9.9273e-06	8.13623e-06	7.0628e-06	6.32763e-06	5.78352e-06	5.35977e-06	5.01763e-06	4.73385e-06	4.4935e-06	4.28651e-06	4.10581e-06	3.94626e-06	3.80403e-06	3.67619e-06	3.56046e-06	3.45505e-06	3.3585e-06	3.26964e-06	1.43184e-06
2750	2.04621e-05	1.45938e-05	1.19672e-05	1.03921e-05	9.31293e-06	8.51391e-06	7.89146e-06	7.38877e-06	6.97172e-06	6.61844e-06	6.31415e-06	6.04846e-06	5.81384e-06	5.60466e-06	5.41663e-06	5.2464e-06	5.09133e-06	4.94928e-06	4.81854e-06	2.11213e-06
2800	2.9636e-05	2.1152e-05	1.73537e-05	1.50752e-05	1.35133e-05	1.23566e-05	1.14553e-05	1.07272e-05	1.0123e-05	9.61115e-06	9.17017e-06	8.78508e-06	8.44497e-06	8.14171e-06	7.86907e-06	7.62222e-06	7.39733e-06	7.19132e-06	7.00167e-06	3.07233e-06
2850	4.23633e-05	3.02508e-05	2.48294e-05	2.15766e-05	1.93464e-05	1.76942e-05	1.64065e-05	1.53661e-05	1.45026e-05	1.37709e-05	1.31404e-05	1.25897e-05	1.21034e-05	1.16696e-05	1.12796e-05	1.09265e-05	1.06047e-05	1.03099e-05	1.00386e-05	4.4101e-06
2900	5.98183e-05	4.27241e-05	3.50789e-05	3.04921e-05	2.7347e-05	2.50168e-05	2.32003e-05	2.17324e-05	2.05138e-05	1.94811e-05	1.85912e-05	1.78138e-05	1.71271e-05	1.65146e-05	1.59639e-05	1.54651e-05	1.50106e-05	1.45942e-05	1.42108e-05	6.25106e-06
2950	8.35038e-05	5.96344e-05	4.89727e-05	4.25785e-05	3.81945e-05	3.49463e-05	3.2414e-05	3.03674e-05	2.86684e-05	2.72282e-05	2.59871e-05	2.49028e-05	2.39449e-05	2.30904e-05	2.2322e-05	2.16261e-05	2.09919e-05	2.04108e-05	1.98757e-05	8.75495e-06
3000	0.000115326	8.23247e-05	6.76084e-05	5.87885e-05	5.27432e-05	4.82646e-05	4.47732e-05	4.19515e-05	3.96089e-05	3.76231e-05	3.59116e-05	3.44163e-05	3.30952e-05	3.19166e-05	3.08567e-05	2.98967e-05	2.90218e-05	2.822e-05	2.74818e-05	1.21228e-05
3050	0.000157679	0.00011248	9.236e-05	8.03127e-05	7.20595e-05	6.59468e-05	6.11824e-05	5.73321e-05	5.41357e-05	5.14262e-05	4.90909e-05	4.70506e-05	4.52478e-05	4.36396e-05	4.21931e-05	4.0883e-05	3.96889e-05	3.85946e-05	3.7587e-05	1.6605e-05
3100	0.000213546	0.000152195	0.000124935	0.000108628	9.74647e-05	8.92e-05	8.276e-05	7.75567e-05	7.32375e-05	6.95766e-05	6.64215e-05	6.3665e-05	6.12295e-05	5.90568e-05	5.71026e-05	5.53326e-05	5.37193e-05	5.22409e-05	5.08794e-05	2.25105e-05
3150	0.000286605	0.00020406	0.000167437	0.000145555	0.000130585	0.000119508	0.000110881	0.000103911	9.81278e-05	9.32264e-05	8.90026e-05	8.53129e-05	8.20529e-05	7.9145e-05	7.65296e-05	7.41607e-05	7.20016e-05	7.0023e-05	6.82009e-05	3.02172e-05
3200	0.000381349	0.000271239	0.000222445	0.000193318	0.000173408	0.000158684	0.000147221	0.000137965	0.000130285	0.000123779	0.000118173	0.000113276	0.000108951	0.000105092	0.000101623	9.84799e-05	9.56159e-05	9.29913e-05	9.05745e-05	4.01834e-05
3250	0.000503223	0.000357574	0.000293085	0.000254621	0.000228346	0.000208927	0.000193815	0.000181618	0.000171502	0.000162933	0.000155552	0.000149106	0.000143412	0.000138335	0.000133769	0.000129634	0.000125866	0.000122414	0.000119235	5.29605e-05
3300	0.000658765	0.000467689	0.000383125	0.000332719	0.000298306	0.000272886	0.000253113	0.00023716	0.000223933	0.000212733	0.000203087	0.000194666	0.000187229	0.000180598	0.000174636	0.000169238	0.000164319	0.000159812	0.000155663	6.92075e-05
3350	0.000855775	0.0006071	0.000497067	0.000431506	0.000386765	0.000353731	0.000328045	0.000307329	0.000290158	0.000275623	0.000263108	0.000252185	0.000242541	0.000233943	0.000226215	0.000219217	0.000212843	0.000207003	0.000201627	8.97063e-05
3400	0.00110348	0.000782346	0.000640249	0.0005556	0.000497851	0.000455225	0.000422091	0.000395377	0.000373241	0.000354507	0.000338382	0.00032431	0.000311889	0.000300818	0.000290867	0.00028186	0.000273655	0.00026614	0.000259222	0.000115379
3450	0.00141275	0.00100112	0.000818956	0.000710445	0.000636429	0.000581807	0.000539359	0.000505142	0.000476796	0.000452812	0.000432173	0.000414165	0.000398272	0.000384109	0.000371383	0.000359864	0.000349374	0.000339766	0.000330923	0.000147308
3500	0.00179626	0.00127241	0.00104054	0.000902409	0.000808195	0.000738676	0.000684658	0.000641122	0.000605063	0.000574557	0.000548309	0.000525413	0.000505209	0.000487206	0.000471032	0.000456396	0.000443067	0.000430861	0.00041963	0.000186754
3550	0.00226873	0.00160667	0.00131353	0.00113889	0.00101977	0.000931878	0.000863588	0.000808553	0.000762974	0.00072442	0.000691252	0.000662322	0.000636797	0.000614056	0.000593628	0.000575144	0.000558313	0.000542903	0.000528723	0.000235183
3600	0.00284716	0.00201595	0.00164781	0.00142845	0.00127882	0.00116841	0.00108262	0.00101349	0.000956242	0.000907819	0.000866164	0.000829835	0.000797784	0.000769233	0.000743587	0.000720383	0.000699258	0.000679917	0.000662123	0.000294288
3650	0.00355102	0.00251411	0.0020547	0.00178091	0.00159413	0.0014563	0.0013492	0.0012629	0.00119143	0.00113099	0.00107899	0.00103364	0.000993636	0.000958001	0.000925995	0.000897039	0.000870677	0.000846545	0.000824343	0.000366017
3700	0.00440255	0.00311695	0.00254716	0.00220751	0.00197576	0.00180474	0.00167185	0.00156475	0.00147606	0.00140105	0.00133652	0.00128025	0.00123061	0.00118639	0.00114667	0.00111075	0.00107804	0.0010481	0.00102056	0.000452599
3750	0.00542692	0.00384242	0.00313986	0.00272099	0.00243514	0.00222417	0.00206022	0.00192809	0.00181867	0.00172611	0.0016465	0.00157706	0.00151581	0.00146126	0.00141225	0.00136793	0.00132757	0.00129063	0.00125665	0.000556581
3800	0.00665252	0.00471077	0.00384945	0.00333578	0.0029852	0.00272641	0.00252529	0.00236318	0.00222893	0.00211536	0.00201767	0.00193248	0.00185732	0.00179037	0.00173024	0.00167585	0.00162633	0.00158101	0.00153931	0.000680851
3850	0.00811114	0.00574476	0.00469458	0.00406812	0.00364047	0.00332475	0.00307936	0.00288156	0.00271773	0.00257914	0.00245992	0.00235593	0.0022642	0.00218249	0.0021091	0.00204271	0.00198227	0.00192694	0.00187605	0.000828675
3900	0.00983822	0.00696981	0.00569614	0.00493614	0.00441723	0.00403408	0.00373625	0.00349615	0.00329727	0.00312902	0.00298428	0.00285803	0.00274665	0.00264744	0.00255832	0.0024777	0.00240431	0.00233712	0.00227532	0.00100373
3950	0.011873	0.00841415	0.00687737	0.00596008	0.00533363	0.00487101	0.00451135	0.00422139	0.00398118	0.00377795	0.0036031	0.00345059	0.00331603	0.00319616	0.00308849	0.00299109	0.00290241	0.00282123	0.00274655	0.00121013
4000	0.0142585	0.010109	0.00826397	0.00716231	0.00640978	0.00585393	0.00542175	0.00507327	0.00478456	0.00454028	0.00433009	0.00414674	0.00398497	0.00384085	0.0037114	0.00359427	0.00348764	0.00339002	0.00330022	0.00145248
4050	0.0170422	0.0120885	0.00988427	0.00856755	0.00766786	0.00700319	0.00648631	0.00606949	0.00572412	0.00543187	0.0051804	0.00496102	0.00476744	0.00459498	0.00444006	0.00429988	0.00417226	0.00405543	0.00394794	0.00173587
4100	0.0202751	0.0143903	0.0117693	0.0102029	0.00913223	0.00834111	0.00772578	0.0072295	0.00681825	0.00647022	0.00617071	0.00590941	0.00567883	0.00547339	0.00528883	0.00512183	0.00496978	0.00483058	0.00470251	0.00206596
4150	0.0240126	0.017055	0.0139528	0.0120978	0.0108295	0.00989211	0.00916286	0.00857461	0.00808707	0.00767444	0.00731931	0.00700946	0.00673601	0.00649236	0.00627346	0.00607538	0.00589502	0.00572989	0.00557796	0.00244896
4200	0.0283139	0.0201264	0.0164714	0.0142845	0.0127887	0.0116828	0.0108223	0.010128	0.00955255	0.00906544	0.00864616	0.00828031	0.00795741	0.00766968	0.00741115	0.00717721	0.00696418	0.00676913	0.00658966	0.00289168
4250	0.0332419	0.0236518	0.0193645	0.0167975	0.0150409	0.0137418	0.0127308	0.0119149	0.0112385	0.0106659	0.0101729	0.00974275	0.00936305	0.00902467	0.00872062	0.00844546	0.00819488	0.00796543	0.00775431	0.0034016
4300	0.0388627	0.0276811	0.0226743	0.0196741	0.01762	0.0161004	0.0149173	0.0139624	0.0131706	0.0125002	0.0119231	0.0114193	0.0109746	0.0105783	0.0102221	0.00989978	0.00960622	0.0093374	0.00909003	0.00398683
4350	0.0452451	0.0322675	0.0264457	0.0229539	0.0205619	0.0187915	0.0174128	0.0162998	0.0153767	0.0145949	0.0139218	0.0133342	0.0128154	0.0123531	0.0119375	0.0115614	0.0112188	0.0109051	0.0106164	0.00465619
4400	0.0524602	0.0374666	0.030726	0.026679	0.0239049	0.0218507	0.0202505	0.0189582	0.0178861	0.0169781	0.0161961	0.0155134	0.0149106	0.0143732	0.0138902	0.013453	0.0130548	0.0126901	0.0123544	0.00541921
4450	0.0605799	0.043336	0.035565	0.0308938	0.0276894	0.0253154	0.0234653	0.0219707	0.0207305	0.0196799	0.0187749	0.0179846	0.0172868	0.0166646	0.0161054	0.015599	0.0151378	0.0147154	0.0143265	0.00628616
4500	0.0696765	0.0499352	0.0410143	0.0356447	0.031958	0.0292251	0.0270943	0.0253724	0.0239432	0.022732	0.0216886	0.0207773	0.0199725	0.0192548	0.0186095	0.0180254	0.0174931	0.0170056	0.0165568	0.00726807
4550	0.0798209	0.0573246	0.047127	0.0409796	0.036755	0.0336211	0.0311764	0.0292	0.0275591	0.0261682	0.0249695	0.0239225	0.0229976	0.0221727	0.021431	0.0207594	0.0201474	0.0195868	0.0190707	0.00837676
4600	0.0910809	0.0655648	0.0539574	0.0469481	0.0421259	0.0385461	0.0357519	0.033492	0.0316149	0.0300233	0.0286514	0.0274527	0.0263937	0.0254489	0.0245994	0.02383	0.0231288	0.0224864	0.0218949	0.00962481
4650	0.10352	0.0747155	0.0615601	0.0536005	0.0481179	0.0440442	0.0408626	0.038288	0.0361487	0.0343341	0.0327695	0.0314021	0.0301937	0.0291155	0.0281458	0.0272674	0.0264669	0.0257332	0.0250577	0.0110256
4700	0.117194	0.0848347	0.0699891	0.0609873	0.0547783	0.0501606	0.0465513	0.043629	0.0411996	0.0391382	0.0373602	0.0358058	0.0344318	0.0332057	0.0321026	0.0311033	0.0301923	0.0293574	0.0285885	0.0125934
4750	0.132151	0.0959769	0.0792975	0.0691589	0.062155	0.0569404	0.0528614	0.0495566	0.0468078	0.0444744	0.0424609	0.0407003	0.0391434	0.0377537	0.0365033	0.0353702	0.0343371	0.0333901	0.0325179	0.0143431
4800	0.148425	0.108192	0.0895357	0.0781642	0.070295	0.0644292	0.0598365	0.0561129	0.0530139	0.0503819	0.0481099	0.0461224	0.0443645	0.0427949	0.0413821	0.0401017	0.038934	0.0378635	0.0368773	0.0162905
4850	0.166038	0.121524	0.100751	0.0880502	0.0792443	0.0726714	0.0675198	0.0633397	0.0598586	0.0569005	0.0543457	0.05211	0.0501317	0.0483649	0.0467742	0.0453321	0.0440167	0.0428105	0.041699	0.0184521
4900	0.184993	0.136007	0.112985	0.0988607	0.0890467	0.0817101	0.0759536	0.0712785	0.0673823	0.0640693	0.0612067	0.0587004	0.0564819	0.0544998	0.0527148	0.051096	0.0496191	0.0482645	0.047016	0.0208451
4950	0.205274	0.151667	0.126274	0.110635	0.0997428	0.0915864	0.0851785	0.0799692	0.0756243	0.0719273	0.068731	0.0659312	0.0634518	0.0612358	0.0592393	0.0574283	0.0557756	0.0542592	0.0528614	0.0234875
5000	0.226842	0.168518	0.140646	0.123408	0.111369	0.102338	0.0952325	0.0894498	0.0846224	0.0805117	0.0769555	0.0738388	0.0710773	0.0686081	0.0663828	0.0643634	0.06252	0.0608282	0.0592683	0.0263978
5050	0.249632	0.186556	0.15612	0.137205	0.123957	0.113998	0.10615	0.0997557	0.0944121	0.0898582	0.0859157	0.0824582	0.0793933	0.0766515	0.0741794	0.0719352	0.0698859	0.0680045	0.0662693	0.0295951
5100	0.273552	0.205766	0.172702	0.152046	0.137532	0.126595	0.117962	0.110918	0.105026	0.0999994	0.0956445	0.0918228	0.0884329	0.0853988	0.0826619	0.0801763	0.0779056	0.0758203	0.0738964	0.0330992
5150	0.298483	0.226111	0.190387	0.16794	0.152109	0.14015	0.130693	0.122965	0.116492	0.110965	0.106172	0.101963	0.0982268	0.0948809	0.0918612	0.0891176	0.0866101	0.0843064	0.0821803	0.0369299
5200	0.324278	0.247535	0.209155	0.184883	0.167698	0.154679	0.144362	0.135917	0.128834	0.12278	0.117524	0.112905	0.108803	0.105126	0.101806	0.0987876	0.096028	0.0934916	0.0911498	0.0411077
5250	0.350761	0.269962	0.228969	0.202862	0.184294	0.170186	0.158979	0.149789	0.14207	0.135464	0.129723	0.124673	0.120184	0.116158	0.112521	0.109212	0.106185	0.103402	0.100831	0.045653
5300	0.377734	0.293294	0.249775	0.221845	0.201885	0.186666	0.174547	0.164589	0.156211	0.149031	0.142784	0.137284	0.132391	0.127999	0.124028	0.120413	0.117105	0.114061	0.111249	0.0505865
5350	0.404973	0.317409	0.271502	0.241788	0.22044	0.204103	0.191057	0.180314	0.171259	0.163487	0.156718	0.15075	0.145436	0.140662	0.136343	0.132409	0.128805	0.125489	0.122422	0.0559285
5400	0.432245	0.342166	0.294058	0.26263	0.23992	0.22247	0.208491	0.196953	0.187209	0.178832	0.171525	0.165076	0.159327	0.154158	0.149477	0.145211	0.141301	0.137699	0.134367	0.0616992
5450	0.459302	0.367402	0.317333	0.284294	0.260267	0.241723	0.226819	0.214484	0.204045	0.195054	0.1872	0.18026	0.174065	0.16849	0.163436	0.158827	0.154599	0.150702	0.147095	0.0679184
5500	0.485898	0.39294	0.341199	0.306683	0.281409	0.261807	0.245996	0.232872	0.22174	0.212134	0.203728	0.196289	0.189642	0.183652	0.178218	0.173256	0.168702	0.164502	0.160611	0.0746052
5550	0.511795	0.418586	0.36551	0.329686	0.303258	0.282653	0.265966	0.252073	0.240257	0.23004	0.221084	0.213145	0.206041	0.199633	0.193812	0.188493	0.183606	0.179095	0.174913	0.0817775
5600	0.53677	0.44414	0.390107	0.353175	0.32571	0.304174	0.286658	0.272025	0.259546	0.24873	0.23923	0.230795	0.223236	0.216409	0.2102	0.20452	0.199297	0.194471	0.189994	0.0894526
5650	0.560626	0.469397	0.414819	0.377009	0.348648	0.326272	0.307988	0.292657	0.279544	0.26815	0.258121	0.2492	0.241193	0.23395	0.227355	0.221315	0.215755	0.210613	0.205839	0.097646
5700	0.583195	0.494155	0.439465	0.401034	0.371939	0.348833	0.329857	0.313883	0.300176	0.288233	0.277698	0.268307	0.259863	0.252214	0.24524	0.238844	0.23295	0.227494	0.222423	0.106372
5750	0.604349	0.518221	0.463863	0.425088	0.395443	0.371733	0.352156	0.335606	0.321355	0.308902	0.297889	0.288052	0.279191	0.271149	0.263806	0.257064	0.250842	0.245077	0.239713	0.115642
5800	0.623994	0.541418	0.487833	0.449004	0.419007	0.394835	0.374763	0.357716	0.342982	0.330067	0.318615	0.308362	0.299107	0.290693	0.282998	0.275922	0.269384	0.263318	0.257668	0.125466
5850	0.642081	0.563589	0.511199	0.472612	0.442476	0.417997	0.397547	0.380094	0.364948	0.351628	0.339782	0.329151	0.319533	0.310772	0.302746	0.295355	0.288516	0.282162	0.276237	0.135852
5900	0.658596	0.584602	0.533799	0.495749	0.46569	0.441071	0.420369	0.40261	0.387134	0.373474	0.361289	0.350323	0.34038	0.331305	0.322975	0.31529	0.308169	0.301545	0.29536	0.146804
5950	0.673559	0.604355	0.555488	0.518256	0.488495	0.463905	0.443088	0.425132	0.409413	0.395486	0.383023	0.371775	0.36155	0.352197	0.343595	0.335646	0.328267	0.321393	0.314966	0.158324
6000	0.687018	0.622776	0.576142	0.539989	0.510739	0.486352	0.465559	0.447521	0.431655	0.417542	0.404867	0.393394	0.382937	0.37335	0.364513	0.356331	0.348724	0.341625	0.334978	0.170409
6050	0.699046	0.639824	0.59566	0.560821	0.532284	0.508269	0.487641	0.46964	0.453727	0.439511	0.426699	0.415064	0.404429	0.394655	0.385625	0.377247	0.369444	0.36215	0.35531	0.183054
6100	0.709731	0.655487	0.613966	0.580643	0.553005	0.529522	0.509199	0.491353	0.475495	0.461266	0.448392	0.436662	0.425909	0.415999	0.406823	0.39829	0.390328	0.382871	0.375867	0.196249
6150	0.719171	0.669779	0.631013	0.599368	0.572791	0.549991	0.530105	0.512531	0.49683	0.482677	0.469821	0.458065	0.447256	0.437266	0.427993	0.419351	0.411269	0.403686	0.396551	0.20998
6200	0.727471	0.682737	0.646779	0.616934	0.591556	0.569572	0.550245	0.533054	0.51761	0.503622	0.490862	0.479153	0.468351	0.458339	0.449021	0.440317	0.432158	0.424488	0.417258	0.224229
6250	0.734735	0.694415	0.661263	0.633301	0.609231	0.588176	0.56952	0.552814	0.537721	0.523984	0.5114	0.499808	0.489078	0.479103	0.469793	0.461075	0.452885	0.44517	0.437883	0.238973
6300	0.741068	0.704884	0.674489	0.648453	0.625771	0.605739	0.587847	0.571718	0.557063	0.543657	0.531324	0.519918	0.509324	0.499444	0.490197	0.481515	0.47334	0.465621	0.458317	0.254185
6350	0.746566	0.714223	0.686497	0.662393	0.64115	0.622211	0.605162	0.589689	0.575549	0.562549	0.550536	0.539382	0.528985	0.519257	0.510126	0.501529	0.493415	0.485737	0.478455	0.269833
6400	0.751321	0.722514	0.69734	0.675145	0.655364	0.637566	0.621419	0.606668	0.593109	0.58058	0.56895	0.558108	0.547965	0.538444	0.52948	0.521018	0.51301	0.505414	0.498195	0.285879
6450	0.755418	0.729845	0.707085	0.686748	0.668428	0.651796	0.636593	0.622613	0.609689	0.597687	0.586495	0.576019	0.566183	0.556918	0.548169	0.539887	0.532029	0.524557	0.51744	0.302283
6500	0.758932	0.736303	0.715803	0.697252	0.680369	0.664909	0.650674	0.6375	0.625253	0.613822	0.603114	0.593052	0.583568	0.574605	0.566115	0.558055	0.550387	0.543079	0.536102	0.318998
6550	0.761931	0.741969	0.72357	0.706717	0.691229	0.676931	0.663672	0.651324	0.639782	0.628955	0.618768	0.609157	0.600065	0.591443	0.583251	0.575451	0.568011	0.560902	0.554099	0.335975
6600	0.764476	0.746922	0.730462	0.71521	0.701062	0.687898	0.675607	0.664092	0.653271	0.643071	0.633433	0.624302	0.615633	0.607385	0.599524	0.592017	0.584837	0.57796	0.571363	0.35316
6650	0.76662	0.751237	0.736556	0.722799	0.709926	0.697857	0.686515	0.675828	0.665732	0.656171	0.647098	0.638469	0.630247	0.622399	0.614895	0.607709	0.600817	0.5942	0.587837	0.370496
6700	0.768408	0.754981	0.741925	0.729557	0.717883	0.706862	0.696439	0.686563	0.677187	0.668268	0.659768	0.651654	0.643895	0.636465	0.629339	0.622495	0.615915	0.60958	0.603475	0.387922
6750	0.769881	0.758215	0.746639	0.735552	0.725002	0.714972	0.70543	0.696341	0.687671	0.679387	0.671461	0.663866	0.656579	0.649578	0.642844	0.636359	0.630107	0.624073	0.618244	0.405379
6800	0.771073	0.760995	0.750763	0.740853	0.731346	0.722249	0.713544	0.705211	0.697224	0.689562	0.682203	0.675125	0.668312	0.661746	0.655412	0.649295	0.643383	0.637664	0.632126	0.422801
6850	0.772013	0.763369	0.754356	0.745524	0.736982	0.728755	0.720841	0.713226	0.705897	0.698836	0.692029	0.685461	0.679118	0.672987	0.667055	0.661311	0.655746	0.650349	0.645112	0.440126
6900	0.772727	0.765381	0.757474	0.749625	0.741972	0.734554	0.727379	0.720443	0.713739	0.707256	0.700984	0.694912	0.689029	0.683326	0.677794	0.672424	0.667207	0.662137	0.657206	0.45729
6950	0.773235	0.767071	0.760164	0.753212	0.746374	0.739704	0.733218	0.72692	0.720807	0.714874	0.709114	0.703519	0.698084	0.692799	0.68766	0.682658	0.677788	0.673044	0.66842	0.474231
7000	0.773556	0.76847	0.762472	0.756336	0.750245	0.744263	0.738416	0.732713	0.727155	0.721742	0.716469	0.711332	0.706326	0.701447	0.696689	0.692047	0.687518	0.683096	0.678777	0.490887
7050	0.773703	0.769608	0.764437	0.759043	0.753634	0.748285	0.743029	0.737878	0.732839	0.727914	0.723101	0.718398	0.713803	0.709312	0.704922	0.70063	0.696432	0.692325	0.688306	0.507202
7100	0.773691	0.770511	0.766093	0.761376	0.756589	0.751821	0.747108	0.742469	0.737912	0.733443	0.729062	0.724769	0.720563	0.716442	0.712405	0.708448	0.70457	0.700769	0.697041	0.523123
7150	0.773527	0.7712	0.767472	0.76337	0.759153	0.754915	0.750702	0.746535	0.742426	0.738381	0.734404	0.730495	0.726656	0.722886	0.719183	0.715546	0.711975	0.708467	0.705021	0.538598
7200	0.77322	0.771694	0.768598	0.765061	0.761363	0.757611	0.753856	0.750124	0.746428	0.742777	0.739176	0.735627	0.732132	0.728691	0.725304	0.721971	0.718692	0.715464	0.712288	0.553584
7250	0.772776	0.772007	0.769497	0.766476	0.763253	0.759946	0.756612	0.753279	0.749964	0.746677	0.743425	0.740211	0.737037	0.733905	0.730816	0.727769	0.724765	0.721804	0.718884	0.568042
7300	0.772201	0.772154	0.770187	0.767641	0.764854	0.761955	0.759006	0.75604	0.753076	0.750125	0.747196	0.744292	0.741418	0.738574	0.735763	0.732986	0.730241	0.727531	0.724854	0.58194
7350	0.771496	0.772146	0.770687	0.768579	0.766192	0.763668	0.761073	0.758444	0.755802	0.753162	0.75053	0.747914	0.745318	0.742742	0.740191	0.737665	0.735164	0.73269	0.730242	0.595249
7400	0.770664	0.771991	0.77101	0.76931	0.767292	0.765112	0.762842	0.760523	0.758178	0.755823	0.753467	0.751117	0.748777	0.746451	0.744141	0.741849	0.739576	0.737323	0.73509	0.607951
7450	0.769707	0.771697	0.771169	0.76985	0.768174	0.766311	0.76434	0.762307	0.760235	0.758143	0.756041	0.753936	0.751834	0.749739	0.747654	0.745579	0.743518	0.741471	0.73944	0.62003
7500	0.768624	0.77127	0.771176	0.770214	0.768856	0.767287	0.765593	0.763822	0.762002	0.760152	0.758284	0.756406	0.754524	0.752643	0.750765	0.748893	0.747029	0.745174	0.74333	0.631478
7550	0.767415	0.770714	0.771038	0.770414	0.769354	0.768058	0.76662	0.765091	0.763504	0.761878	0.760226	0.758557	0.756878	0.755194	0.753509	0.751824	0.750143	0.748467	0.746797	0.642294
7600	0.766079	0.770034	0.770764	0.770461	0.769682	0.76864	0.76744	0.766137	0.764765	0.763345	0.761893	0.760417	0.758926	0.757425	0.755917	0.754406	0.752895	0.751385	0.749877	0.652479
7650	0.764613	0.769231	0.770358	0.770364	0.76985	0.769048	0.76807	0.766976	0.765803	0.764575	0.763308	0.762011	0.760694	0.759361	0.758019	0.756669	0.755314	0.753958	0.752601	0.662041
7700	0.763016	0.768307	0.769826	0.77013	0.769869	0.769293	0.768523	0.767625	0.766638	0.765588	0.764492	0.763361	0.762205	0.761029	0.759839	0.758638	0.757429	0.756215	0.754998	0.670993
7750	0.761283	0.767263	0.769171	0.769766	0.769747	0.769386	0.768813	0.768098	0.767285	0.766401	0.765464	0.764487	0.76348	0.76245	0.761401	0.760339	0.759265	0.758184	0.757096	0.679349
7800	0.759413	0.766099	0.768396	0.769276	0.769492	0.769336	0.768949	0.768407	0.767757	0.767028	0.76624	0.765407	0.764539	0.763644	0.762727	0.761793	0.760845	0.759886	0.758919	0.687129
7850	0.757401	0.764814	0.767503	0.768664	0.769108	0.76915	0.768941	0.768564	0.768067	0.767484	0.766836	0.766137	0.765399	0.76463	0.763835	0.76302	0.762189	0.761345	0.760489	0.694353
7900	0.755242	0.763407	0.766492	0.767933	0.768601	0.768835	0.768796	0.768575	0.768225	0.76778	0.767263	0.76669	0.766074	0.765422	0.764742	0.764039	0.763317	0.762578	0.761827	0.701044
7950	0.752934	0.761876	0.765365	0.767086	0.767974	0.768395	0.768522	0.768451	0.76824	0.767926	0.767533	0.767079	0.766577	0.766036	0.765463	0.764864	0.764243	0.763605	0.762951	0.707226
8000	0.75047	0.76022	0.764121	0.766123	0.767231	0.767834	0.768122	0.768196	0.768119	0.76793	0.767655	0.767314	0.76692	0.766483	0.766011	0.76551	0.764984	0.764439	0.763876	0.712925
8050	0.747846	0.758437	0.76276	0.765046	0.766372	0.767157	0.767602	0.767818	0.767869	0.7678	0.767638	0.767404	0.767112	0.766774	0.766397	0.765988	0.765553	0.765095	0.764617	0.718166
8100	0.745057	0.756522	0.761279	0.763854	0.7654	0.766366	0.766966	0.767319	0.767496	0.767542	0.767489	0.767357	0.767163	0.766919	0.766632	0.766311	0.76596	0.765584	0.765187	0.722974
8150	0.742097	0.754474	0.759679	0.762549	0.764316	0.765461	0.766215	0.766703	0.767003	0.767162	0.767213	0.767181	0.76708	0.766925	0.766725	0.766486	0.766216	0.765918	0.765597	0.727375
8200	0.738962	0.752288	0.757956	0.761127	0.76312	0.764446	0.765352	0.765975	0.766394	0.766663	0.766817	0.76688	0.76687	0.766801	0.766683	0.766523	0.76633	0.766106	0.765857	0.731393
8250	0.735647	0.749962	0.756109	0.75959	0.761811	0.763319	0.764379	0.765135	0.765673	0.76605	0.766304	0.766459	0.766537	0.766551	0.766512	0.766429	0.766309	0.766156	0.765976	0.735052
8300	0.732144	0.747492	0.754135	0.757934	0.760389	0.762082	0.763297	0.764185	0.764842	0.765326	0.765677	0.765924	0.766087	0.766182	0.766219	0.76621	0.76616	0.766075	0.765961	0.738375
8350	0.72845	0.744873	0.752032	0.756159	0.758853	0.760735	0.762105	0.763127	0.763902	0.764492	0.76494	0.765276	0.765523	0.765696	0.765809	0.76587	0.765889	0.76587	0.765819	0.741384
8400	0.724558	0.742102	0.749795	0.754262	0.757201	0.759275	0.760803	0.761961	0.762854	0.76355	0.764094	0.764519	0.764848	0.765099	0.765285	0.765415	0.7655	0.765545	0.765555	0.744099
8450	0.720464	0.739174	0.747423	0.752241	0.755433	0.757703	0.759393	0.760687	0.761699	0.762501	0.763142	0.763655	0.764065	0.764392	0.76465	0.764849	0.764998	0.765104	0.765174	0.746541
8500	0.716161	0.736086	0.744912	0.750093	0.753545	0.756018	0.757872	0.759305	0.760438	0.761347	0.762083	0.762684	0.763176	0.763579	0.763907	0.764173	0.764386	0.764553	0.764681	0.748726
8550	0.711645	0.732832	0.742259	0.747816	0.751537	0.754217	0.756239	0.757814	0.759069	0.760086	0.76092	0.761609	0.762182	0.76266	0.763059	0.763391	0.763666	0.763893	0.764078	0.750673
8600	0.70691	0.72941	0.739459	0.745406	0.749405	0.752299	0.754494	0.756214	0.757594	0.75872	0.759652	0.76043	0.761084	0.761637	0.762106	0.762504	0.762842	0.763128	0.763369	0.752396
8650	0.701952	0.725813	0.73651	0.742862	0.747148	0.750262	0.752634	0.754502	0.75601	0.757248	0.758279	0.759147	0.759883	0.760512	0.761051	0.761515	0.761915	0.762259	0.762556	0.753911
8700	0.696766	0.722039	0.733407	0.740178	0.744762	0.748103	0.750658	0.752679	0.754316	0.755668	0.7568	0.757759	0.758579	0.759284	0.759893	0.760423	0.760885	0.761288	0.76164	0.755232
8750	0.691347	0.718082	0.730148	0.737353	0.742245	0.745821	0.748564	0.750741	0.752512	0.753981	0.755216	0.756267	0.757171	0.757953	0.758634	0.75923	0.759754	0.760215	0.760623	0.756369
8800	0.685692	0.71394	0.726728	0.734384	0.739594	0.743412	0.74635	0.748688	0.750596	0.752184	0.753524	0.75467	0.755659	0.75652	0.757273	0.757936	0.758522	0.759043	0.759506	0.757336
8850	0.679796	0.709607	0.723143	0.731266	0.736806	0.740875	0.744013	0.746517	0.748566	0.750276	0.751725	0.752967	0.754043	0.754983	0.75581	0.756541	0.75719	0.75777	0.758289	0.758142
8900	0.673657	0.705079	0.71939	0.727996	0.733877	0.738206	0.741552	0.744227	0.746421	0.748256	0.749816	0.751157	0.752322	0.753343	0.754244	0.755044	0.755758	0.756397	0.756973	0.758796
8950	0.667271	0.700354	0.715465	0.724572	0.730806	0.735404	0.738963	0.741814	0.744158	0.746123	0.747795	0.749238	0.750494	0.751598	0.752575	0.753445	0.754224	0.754924	0.755557	0.759307
9000	0.660635	0.695427	0.711366	0.720989	0.727589	0.732464	0.736244	0.739277	0.741775	0.743873	0.745663	0.747209	0.748558	0.749747	0.750802	0.751743	0.752589	0.753351	0.754041	0.759683
9050	0.653749	0.690295	0.707087	0.717246	0.724223	0.729384	0.733392	0.736614	0.739271	0.741506	0.743415	0.745068	0.746513	0.747789	0.748923	0.749938	0.750851	0.751676	0.752426	0.759931
9100	0.646609	0.684954	0.702627	0.713337	0.720705	0.726162	0.730406	0.733822	0.736642	0.739018	0.741052	0.742814	0.744358	0.745723	0.746938	0.748028	0.74901	0.7499	0.750709	0.760057
9150	0.639216	0.679403	0.697981	0.709261	0.717032	0.722795	0.727282	0.730898	0.733887	0.736409	0.738569	0.740445	0.74209	0.743546	0.744845	0.746011	0.747064	0.74802	0.748891	0.760067
9200	0.631569	0.673638	0.693147	0.705014	0.7132	0.719279	0.724017	0.72784	0.731004	0.733675	0.735967	0.737958	0.739708	0.741258	0.742642	0.743887	0.745013	0.746036	0.74697	0.759965
9250	0.623668	0.667658	0.688123	0.700593	0.709208	0.715612	0.720609	0.724645	0.727989	0.730815	0.733242	0.735353	0.737209	0.738856	0.740329	0.741654	0.742854	0.743946	0.744944	0.759757
9300	0.615516	0.66146	0.682904	0.695996	0.705052	0.711792	0.717056	0.721311	0.72484	0.727826	0.730392	0.732626	0.734593	0.736339	0.737902	0.73931	0.740587	0.74175	0.742814	0.759446
9350	0.607112	0.655043	0.677491	0.69122	0.70073	0.707815	0.713354	0.717836	0.721556	0.724706	0.727415	0.729776	0.731856	0.733705	0.735361	0.736854	0.738209	0.739445	0.740576	0.759036
9400	0.598461	0.648405	0.671879	0.686263	0.696239	0.703679	0.709502	0.714217	0.718134	0.721452	0.72431	0.726801	0.728998	0.730952	0.732703	0.734284	0.73572	0.73703	0.738231	0.758529
9450	0.589566	0.641547	0.666068	0.681122	0.691577	0.699383	0.705497	0.710451	0.714571	0.718063	0.721073	0.723699	0.726015	0.728077	0.729928	0.731599	0.733117	0.734503	0.735775	0.757929
9500	0.58043	0.634468	0.660055	0.675795	0.686741	0.694922	0.701336	0.706537	0.710865	0.714537	0.717702	0.720467	0.722907	0.72508	0.727031	0.728795	0.730398	0.731864	0.733209	0.757238
9550	0.57106	0.627168	0.653841	0.670282	0.68173	0.690296	0.697017	0.702472	0.707014	0.71087	0.714196	0.717103	0.71967	0.721958	0.724013	0.725872	0.727563	0.729109	0.730529	0.756457
9600	0.561461	0.619649	0.647423	0.664579	0.676542	0.685502	0.692539	0.698254	0.703016	0.707061	0.710553	0.713606	0.716303	0.718709	0.720871	0.722828	0.724608	0.726238	0.727735	0.75559
9650	0.551641	0.611911	0.640802	0.658687	0.671175	0.680539	0.687899	0.693881	0.698868	0.703108	0.70677	0.709973	0.712805	0.715331	0.717604	0.71966	0.721533	0.723248	0.724824	0.754636
9700	0.541606	0.603958	0.633978	0.652603	0.665628	0.675404	0.683095	0.689351	0.69457	0.699009	0.702845	0.706202	0.709172	0.711823	0.714208	0.716368	0.718336	0.720138	0.721796	0.753598
9750	0.531367	0.59579	0.626952	0.646329	0.6599	0.670097	0.678127	0.684663	0.690119	0.694763	0.698777	0.702293	0.705404	0.708182	0.710683	0.712949	0.715014	0.716906	0.718647	0.752475
9800	0.520933	0.587413	0.619723	0.639863	0.65399	0.664617	0.672992	0.679814	0.685513	0.690366	0.694564	0.698242	0.701498	0.704407	0.707027	0.709401	0.711566	0.71355	0.715377	0.75127
9850	0.510315	0.578829	0.612294	0.633205	0.647897	0.658961	0.667689	0.674804	0.680751	0.685819	0.690204	0.694048	0.697453	0.700496	0.703238	0.705724	0.707991	0.71007	0.711985	0.749983
9900	0.499524	0.570043	0.604667	0.626357	0.641621	0.653131	0.662218	0.669632	0.675832	0.681119	0.685696	0.68971	0.693267	0.696448	0.699314	0.701914	0.704287	0.706462	0.708467	0.748613
9950	0.488573	0.561061	0.596843	0.619319	0.635163	0.647124	0.656577	0.664295	0.670754	0.676265	0.681038	0.685226	0.688939	0.69226	0.695255	0.697971	0.700451	0.702727	0.704824	0.747162
10000	0.477475	0.551888	0.588826	0.612093	0.628523	0.640942	0.650766	0.658794	0.665517	0.671256	0.67623	0.680595	0.684467	0.687933	0.691057	0.693894	0.696484	0.698861	0.701053	0.745629