0	1000	2000	3000	4000	5000	6000	7000	8000	9000	10000	11000	12000	13000	14000	15000	16000	17000	18000	19000	20000
300	2.16889e-40	1.53364e-40	1.25221e-40	1.08445e-40	9.69957e-41	8.85446e-41	8.19763e-41	7.66818e-41	7.22963e-41	6.85863e-41	6.53945e-41	6.26105e-41	6.01542e-41	5.7966e-41	5.60005e-41	5.42223e-41	5.26033e-41	5.11212e-41	4.97578e-41	4.84979e-41
350	3.45522e-34	2.44321e-34	1.99487e-34	1.72761e-34	1.54522e-34	1.41059e-34	1.30595e-34	1.22161e-34	1.15174e-34	1.09264e-34	1.04179e-34	9.97436e-35	9.58306e-35	9.23447e-35	8.92134e-35	8.63805e-35	8.38014e-35	8.14403e-35	7.92682e-35	7.72611e-35
400	1.5723e-29	1.11179e-29	9.07769e-30	7.86151e-30	7.03155e-30	6.41889e-30	5.94274e-30	5.55893e-30	5.24101e-30	4.97205e-30	4.74067e-30	4.53884e-30	4.36078e-30	4.20215e-30	4.05967e-30	3.93075e-30	3.81339e-30	3.70595e-30	3.60711e-30	3.51577e-30
450	6.6704e-26	4.71668e-26	3.85116e-26	3.3352e-26	2.98309e-26	2.72318e-26	2.52117e-26	2.35834e-26	2.22347e-26	2.10936e-26	2.0112e-26	1.92558e-26	1.85004e-26	1.78274e-26	1.72229e-26	1.6676e-26	1.61781e-26	1.57223e-26	1.53029e-26	1.49155e-26
500	5.36751e-23	3.7954e-23	3.09894e-23	2.68376e-23	2.40042e-23	2.19128e-23	2.02873e-23	1.8977e-23	1.78917e-23	1.69736e-23	1.61837e-23	1.54947e-23	1.48868e-23	1.43453e-23	1.38589e-23	1.34188e-23	1.30181e-23	1.26513e-23	1.23139e-23	1.20021e-23
550	1.28772e-20	9.10552e-21	7.43463e-21	6.43858e-21	5.75884e-21	5.25708e-21	4.86711e-21	4.55276e-21	4.29238e-21	4.07211e-21	3.88261e-21	3.71731e-21	3.57148e-21	3.44156e-21	3.32487e-21	3.21929e-21	3.12317e-21	3.03517e-21	2.95422e-21	2.87942e-21
600	1.24546e-18	8.8067e-19	7.19064e-19	6.22728e-19	5.56985e-19	5.08455e-19	4.70738e-19	4.40335e-19	4.15152e-19	3.93848e-19	3.75519e-19	3.59532e-19	3.45427e-19	3.32862e-19	3.21575e-19	3.11364e-19	3.02067e-19	2.93557e-19	2.85727e-19	2.78492e-19
650	5.9852e-17	4.23217e-17	3.45555e-17	2.9926e-17	2.67666e-17	2.44345e-17	2.26219e-17	2.11609e-17	1.99507e-17	1.89269e-17	1.8046e-17	1.72778e-17	1.65999e-17	1.59961e-17	1.54537e-17	1.4963e-17	1.45162e-17	1.41072e-17	1.3731e-17	1.33833e-17
700	1.65943e-15	1.17339e-15	9.58073e-16	8.29715e-16	7.4212e-16	6.7746e-16	6.27206e-16	5.86697e-16	5.53144e-16	5.24758e-16	5.00337e-16	4.79036e-16	4.60243e-16	4.43501e-16	4.28463e-16	4.14858e-16	4.02471e-16	3.91132e-16	3.80699e-16	3.7106e-16
750	2.96202e-14	2.09447e-14	1.71012e-14	1.48101e-14	1.32466e-14	1.20924e-14	1.11954e-14	1.04723e-14	9.87341e-15	9.36674e-15	8.93083e-15	8.55062e-15	8.21517e-15	7.91634e-15	7.64791e-15	7.40505e-15	7.18396e-15	6.98155e-15	6.79534e-15	6.62328e-15
800	3.69577e-13	2.6133e-13	2.13375e-13	1.84788e-13	1.6528e-13	1.50879e-13	1.39687e-13	1.30665e-13	1.23192e-13	1.1687e-13	1.11432e-13	1.06688e-13	1.02502e-13	9.87735e-14	9.54243e-14	9.23942e-14	8.96355e-14	8.711e-14	8.47867e-14	8.26398e-14
850	3.43286e-12	2.4274e-12	1.98196e-12	1.71643e-12	1.53522e-12	1.40146e-12	1.2975e-12	1.2137e-12	1.14429e-12	1.08557e-12	1.03505e-12	9.90981e-13	9.52104e-13	9.1747e-13	8.8636e-13	8.58215e-13	8.3259e-13	8.09132e-13	7.87552e-13	7.6761e-13
900	2.49303e-11	1.76284e-11	1.43935e-11	1.24651e-11	1.11492e-11	1.01777e-11	9.42276e-12	8.81419e-12	8.31009e-12	7.88365e-12	7.51676e-12	7.19675e-12	6.91442e-12	6.6629e-12	6.43697e-12	6.23257e-12	6.04648e-12	5.87612e-12	5.7194e-12	5.57458e-12
950	1.47141e-10	1.04044e-10	8.49517e-11	7.35704e-11	6.58033e-11	6.007e-11	5.5614e-11	5.20221e-11	4.90469e-11	4.653e-11	4.43646e-11	4.24759e-11	4.08095e-11	3.9325e-11	3.79916e-11	3.67852e-11	3.56869e-11	3.46814e-11	3.37564e-11	3.29017e-11
1000	7.28001e-10	5.14775e-10	4.20312e-10	3.64001e-10	3.25572e-10	2.97205e-10	2.75159e-10	2.57387e-10	2.42667e-10	2.30214e-10	2.19501e-10	2.10156e-10	2.01911e-10	1.94566e-10	1.87969e-10	1.82e-10	1.76566e-10	1.71592e-10	1.67015e-10	1.62786e-10
1050	3.09618e-09	2.18933e-09	1.78758e-09	1.54809e-09	1.38465e-09	1.26401e-09	1.17024e-09	1.09466e-09	1.03206e-09	9.79097e-10	9.33532e-10	8.93789e-10	8.58725e-10	8.27488e-10	7.99429e-10	7.74044e-10	7.50933e-10	7.29776e-10	7.10311e-10	6.92326e-10
1100	1.15541e-08	8.16999e-09	6.67077e-09	5.77706e-09	5.16716e-09	4.71695e-09	4.36704e-09	4.085e-09	3.85137e-09	3.65373e-09	3.4837e-09	3.33538e-09	3.20453e-09	3.08797e-09	2.98326e-09	2.88853e-09	2.80228e-09	2.72333e-09	2.6507e-09	2.58358e-09
1150	3.84805e-08	2.72098e-08	2.22167e-08	1.92402e-08	1.7209e-08	1.57096e-08	1.45443e-08	1.36049e-08	1.28268e-08	1.21686e-08	1.16023e-08	1.11084e-08	1.06726e-08	1.02843e-08	9.93562e-09	9.62012e-09	9.33289e-09	9.06993e-09	8.82803e-09	8.6045e-09
1200	1.16008e-07	8.20298e-08	6.6977e-08	5.80038e-08	5.18802e-08	4.73599e-08	4.38467e-08	4.10149e-08	3.86692e-08	3.66848e-08	3.49776e-08	3.34885e-08	3.21747e-08	3.10043e-08	2.9953e-08	2.90019e-08	2.8136e-08	2.73433e-08	2.6614e-08	2.59401e-08
1250	3.20363e-07	2.26531e-07	1.84962e-07	1.60181e-07	1.43271e-07	1.30788e-07	1.21086e-07	1.13265e-07	1.06788e-07	1.01308e-07	9.6593e-08	9.24808e-08	8.88527e-08	8.56206e-08	8.27173e-08	8.00907e-08	7.76994e-08	7.55103e-08	7.34963e-08	7.16353e-08
1300	8.18619e-07	5.78851e-07	4.7263e-07	4.0931e-07	3.66098e-07	3.342e-07	3.09409e-07	2.89426e-07	2.72873e-07	2.5887e-07	2.46823e-07	2.36315e-07	2.27044e-07	2.18785e-07	2.11367e-07	2.04655e-07	1.98544e-07	1.9295e-07	1.87804e-07	1.83049e-07
1350	1.95224e-06	1.38044e-06	1.12712e-06	9.76119e-07	8.73067e-07	7.96998e-07	7.37877e-07	6.90221e-07	6.50746e-07	6.17352e-07	5.88622e-07	5.63563e-07	5.41454e-07	5.21758e-07	5.04066e-07	4.8806e-07	4.73488e-07	4.60147e-07	4.47874e-07	4.36534e-07
1400	4.37713e-06	3.0951e-06	2.52714e-06	2.18857e-06	1.95752e-06	1.78696e-06	1.6544e-06	1.54755e-06	1.45905e-06	1.38417e-06	1.31976e-06	1.26357e-06	1.214e-06	1.16984e-06	1.13017e-06	1.09429e-06	1.06161e-06	1.0317e-06	1.00419e-06	9.7876e-07
1450	9.28554e-06	6.56589e-06	5.36104e-06	4.6428e-06	4.15265e-06	3.79083e-06	3.50963e-06	3.28296e-06	3.09521e-06	2.93637e-06	2.79972e-06	2.68053e-06	2.57537e-06	2.48169e-06	2.39754e-06	2.32141e-06	2.2521e-06	2.18864e-06	2.13027e-06	2.07633e-06
1500	1.87402e-05	1.32514e-05	1.08198e-05	9.37021e-06	8.38099e-06	7.65077e-06	7.08324e-06	6.62577e-06	6.24684e-06	5.92627e-06	5.65048e-06	5.40993e-06	5.19769e-06	5.00862e-06	4.83879e-06	4.68514e-06	4.54525e-06	4.41719e-06	4.29938e-06	4.19052e-06
1550	3.6155e-05	2.55658e-05	2.08745e-05	1.80779e-05	1.61694e-05	1.47606e-05	1.36657e-05	1.27831e-05	1.20521e-05	1.14336e-05	1.09015e-05	1.04374e-05	1.0028e-05	9.66318e-06	9.33553e-06	9.03909e-06	8.76921e-06	8.52214e-06	8.29485e-06	8.08482e-06
1600	6.69587e-05	4.73483e-05	3.86602e-05	3.3481e-05	2.99464e-05	2.73373e-05	2.53095e-05	2.36749e-05	2.2321e-05	2.11756e-05	2.01902e-05	1.93306e-05	1.85723e-05	1.78967e-05	1.72899e-05	1.67409e-05	1.62411e-05	1.57835e-05	1.53625e-05	1.49735e-05
1650	0.000119478	8.44878e-05	6.89855e-05	5.9744e-05	5.34371e-05	4.87815e-05	4.51632e-05	4.22465e-05	3.98305e-05	3.77866e-05	3.60282e-05	3.44945e-05	3.31413e-05	3.19358e-05	3.0853e-05	2.98733e-05	2.89814e-05	2.81649e-05	2.74137e-05	2.67196e-05
1700	0.000206069	0.000145726	0.000118989	0.00010305	9.2172e-05	8.41421e-05	7.79011e-05	7.28704e-05	6.87033e-05	6.5178e-05	6.2145e-05	5.94995e-05	5.71655e-05	5.50862e-05	5.32185e-05	5.15287e-05	4.99903e-05	4.85819e-05	4.72863e-05	4.6089e-05
1750	0.000344528	0.000243654	0.000198955	0.000172307	0.00015412	0.000140694	0.00013026	0.000121848	0.000114881	0.000108986	0.000103915	9.94918e-05	9.55891e-05	9.21124e-05	8.89895e-05	8.6164e-05	8.35917e-05	8.12368e-05	7.90703e-05	7.70685e-05
1800	0.000559784	0.00039592	0.000323301	0.000280004	0.000250454	0.00022864	0.000211684	0.000198016	0.000186695	0.000177117	0.000168876	0.000161688	0.000155346	0.000149697	0.000144622	0.00014003	0.00013585	0.000132023	0.000128503	0.00012525
1850	0.00088587	0.000626639	0.000511733	0.000443217	0.000396452	0.000361928	0.000335093	0.00031346	0.000295541	0.000280381	0.000267338	0.000255961	0.000245922	0.00023698	0.000228947	0.000221679	0.000215062	0.000209005	0.000203432	0.000198283
1900	0.00136815	0.000967988	0.000790561	0.00068475	0.000612523	0.000559197	0.000517747	0.000484331	0.00045665	0.000433231	0.000413081	0.000395505	0.000379998	0.000366182	0.000353772	0.000342544	0.000332321	0.000322962	0.000314352	0.000306396
1950	0.00206573	0.00146196	0.00119415	0.0010344	0.000925343	0.000844817	0.000782219	0.000731752	0.000689944	0.000654572	0.000624137	0.000597589	0.000574164	0.000553295	0.000534548	0.000517587	0.000502144	0.000488006	0.000474999	0.00046298
2000	0.0030539	0.00216223	0.00176646	0.00153032	0.00136908	0.00125001	0.00115744	0.0010828	0.00102097	0.000968648	0.000923629	0.000884358	0.000849706	0.000818834	0.0007911	0.000766007	0.000743161	0.000722244	0.000703	0.000685218
2050	0.00442656	0.00313594	0.00256262	0.0022204	0.00198666	0.00181402	0.00167978	0.00157154	0.00148185	0.00140596	0.00134066	0.00128369	0.00123342	0.00118863	0.00114839	0.00111198	0.00107883	0.00104848	0.00102056	0.000994756
2100	0.00629824	0.00446551	0.00365041	0.00316359	0.00283097	0.00258524	0.00239413	0.00224	0.00211229	0.00200421	0.00191119	0.00183004	0.00175843	0.00169462	0.0016373	0.00158543	0.00153819	0.00149495	0.00145516	0.00141839
2150	0.00880542	0.00624991	0.00511157	0.00443116	0.00396605	0.00362231	0.00335491	0.00313922	0.00296046	0.00280916	0.00267893	0.00256531	0.00246503	0.00237567	0.00229538	0.00222273	0.00215657	0.00209599	0.00204026	0.00198874
2200	0.0121068	0.00860561	0.00704272	0.00610759	0.00546794	0.00499499	0.00462696	0.00433	0.00408384	0.00387545	0.00369607	0.00353952	0.00340135	0.00327821	0.00316757	0.00306743	0.00297624	0.00289274	0.0028159	0.00274488
2250	0.0163818	0.0116664	0.0095557	0.00829106	0.00742527	0.00678473	0.00628607	0.00588357	0.00554981	0.0052672	0.00502388	0.0048115	0.00462401	0.0044569	0.00430672	0.0041708	0.004047	0.00393363	0.0038293	0.00373287
2300	0.0218267	0.0155824	0.0127771	0.0110933	0.00993929	0.00908486	0.00841928	0.00788181	0.00743596	0.00705831	0.00673308	0.00644914	0.00619843	0.00597493	0.00577404	0.00559219	0.00542654	0.00527483	0.0051352	0.00500612
2350	0.0286479	0.0205165	0.0168464	0.0146385	0.0131232	0.0120001	0.0111245	0.0104171	0.00982995	0.00933245	0.00890383	0.00852953	0.00819894	0.00790416	0.00763915	0.00739921	0.00718062	0.00698038	0.00679606	0.00662565
2400	0.0370505	0.0266399	0.021913	0.0190611	0.0171002	0.015645	0.0145096	0.0135914	0.0128289	0.0121824	0.0116252	0.0111385	0.0107084	0.0103248	0.00997989	0.00966751	0.00938286	0.00912205	0.00888194	0.00865991
2450	0.0472236	0.0341236	0.0281309	0.024502	0.0220012	0.0201423	0.01869	0.0175146	0.0165377	0.0157089	0.0149942	0.0143695	0.0138174	0.0133247	0.0128815	0.0124801	0.0121142	0.0117788	0.01147	0.0111844
2500	0.0593197	0.0431283	0.0356513	0.031103	0.0279595	0.0256183	0.0237864	0.0223019	0.021067	0.0200185	0.0191136	0.0183223	0.0176225	0.0169978	0.0164356	0.0159261	0.0154616	0.0150358	0.0146435	0.0142806
2550	0.0734306	0.0537893	0.044613	0.0389993	0.0351056	0.0321985	0.0299195	0.0280701	0.0265296	0.0252204	0.0240896	0.0231	0.0222242	0.021442	0.0207377	0.0200992	0.0195167	0.0189825	0.0184903	0.0180348
2600	0.0895596	0.0662005	0.0551298	0.0483097	0.0435587	0.0400005	0.0372048	0.0349318	0.0330359	0.0314226	0.0300277	0.0288057	0.0277235	0.0267563	0.0258848	0.0250943	0.0243728	0.0237109	0.0231007	0.0225357
2650	0.107595	0.0803942	0.0672756	0.0591249	0.0534166	0.0491256	0.0457447	0.0429898	0.0406877	0.0387259	0.0370275	0.0355381	0.0342177	0.0330366	0.0319716	0.0310049	0.030122	0.0293116	0.028564	0.0278717
2700	0.127289	0.0963219	0.081069	0.0714941	0.0647452	0.0596489	0.0556199	0.0523281	0.0495714	0.0472179	0.0451773	0.0433854	0.041795	0.0403709	0.0390856	0.0379179	0.0368508	0.0358704	0.0349657	0.0341272
2750	0.148248	0.113837	0.0964566	0.0854109	0.0775649	0.071608	0.0668793	0.0630035	0.0597493	0.0569649	0.0545463	0.052419	0.0505283	0.0488332	0.0473017	0.0459089	0.0446348	0.0434635	0.0423816	0.0413783
2800	0.169942	0.132682	0.113299	0.1008	0.0918388	0.0849915	0.0795294	0.0750354	0.0712503	0.0680034	0.0651766	0.0626857	0.0604682	0.058477	0.0566756	0.0550355	0.0535336	0.0521514	0.0508737	0.0496878
2850	0.19174	0.152489	0.131365	0.117505	0.107462	0.0997283	0.0935239	0.088396	0.0840611	0.0803311	0.0770753	0.0741997	0.0716348	0.0693276	0.0672371	0.0653311	0.0635835	0.0619733	0.0604832	0.0590988
2900	0.212969	0.172795	0.150325	0.135288	0.124253	0.11568	0.108755	0.103002	0.0981171	0.0938988	0.0902055	0.0869349	0.0840108	0.0813751	0.0789826	0.0767976	0.0747912	0.0729401	0.0712248	0.0696294
2950	0.232996	0.193072	0.169772	0.153825	0.141953	0.132634	0.125049	0.118707	0.113296	0.108604	0.10448	0.100818	0.097534	0.0945673	0.0918686	0.089399	0.0871275	0.0850283	0.0830805	0.0812663
3000	0.251301	0.212771	0.189239	0.172728	0.160234	0.150312	0.142164	0.135303	0.129415	0.124284	0.119758	0.115722	0.112093	0.108805	0.105806	0.103056	0.100521	0.0981748	0.0959936	0.093959
3050	0.267534	0.231385	0.208243	0.191563	0.178713	0.168374	0.159798	0.15252	0.146233	0.140724	0.13584	0.131469	0.127523	0.123937	0.120658	0.117643	0.114857	0.112273	0.109866	0.107616
3100	0.281543	0.248499	0.226327	0.209889	0.196978	0.186442	0.177606	0.17004	0.163456	0.157652	0.152479	0.147827	0.143612	0.139766	0.136238	0.132985	0.129972	0.127169	0.124553	0.122104
3150	0.293351	0.26383	0.243107	0.227296	0.214625	0.204128	0.195218	0.187515	0.180758	0.17476	0.169384	0.164524	0.1601	0.156049	0.152318	0.148867	0.14566	0.14267	0.139871	0.137245
3200	0.303118	0.277242	0.258304	0.243444	0.23129	0.221061	0.21227	0.204591	0.197797	0.191722	0.186241	0.181259	0.176701	0.172509	0.168633	0.165034	0.161679	0.158541	0.155597	0.152827
3250	0.311081	0.288736	0.271765	0.258091	0.24668	0.236924	0.228432	0.220935	0.214241	0.208209	0.20273	0.19772	0.193112	0.188852	0.184898	0.181211	0.177762	0.174526	0.17148	0.168605
3300	0.317509	0.29842	0.283455	0.271103	0.260598	0.251478	0.243438	0.236263	0.229798	0.223925	0.218552	0.213608	0.209036	0.204788	0.200825	0.197116	0.193633	0.190352	0.187254	0.184321
3350	0.322668	0.306473	0.29344	0.282452	0.272945	0.264572	0.257099	0.25036	0.244231	0.238619	0.233448	0.22866	0.224205	0.220045	0.216145	0.212479	0.209021	0.205753	0.202656	0.199715
3400	0.326796	0.313105	0.301856	0.2922	0.283717	0.276147	0.269314	0.26309	0.25738	0.25211	0.247219	0.242662	0.238397	0.234393	0.230622	0.22706	0.223687	0.220486	0.217442	0.214541
3450	0.330098	0.318533	0.308878	0.300469	0.292983	0.286226	0.280063	0.274399	0.269159	0.264287	0.259735	0.255466	0.25145	0.247658	0.24407	0.240666	0.237429	0.234345	0.231401	0.228586
3500	0.33274	0.32296	0.314698	0.307417	0.300865	0.294893	0.289397	0.284303	0.279557	0.275113	0.270935	0.266994	0.263266	0.259729	0.256366	0.253161	0.250102	0.247175	0.244372	0.241682
3550	0.334856	0.326565	0.319499	0.313216	0.307514	0.302272	0.297412	0.292876	0.288621	0.284612	0.280822	0.277229	0.273812	0.270555	0.267445	0.264469	0.261616	0.258878	0.256245	0.25371
3600	0.336552	0.329501	0.323452	0.318036	0.313087	0.308508	0.304236	0.300225	0.296441	0.292858	0.289452	0.286208	0.283109	0.280143	0.277299	0.274568	0.27194	0.269408	0.266966	0.264608
3650	0.337909	0.331891	0.326702	0.322032	0.317742	0.313753	0.310011	0.306482	0.303136	0.299953	0.296915	0.294009	0.291223	0.288546	0.285969	0.283486	0.28109	0.278773	0.276533	0.274362
3700	0.338989	0.333838	0.329375	0.325342	0.321622	0.318148	0.314878	0.31178	0.308833	0.306018	0.303323	0.300735	0.298245	0.295845	0.293528	0.291288	0.28912	0.287019	0.284981	0.283001
3750	0.339838	0.335422	0.331572	0.328081	0.324851	0.321826	0.318968	0.316253	0.313662	0.31118	0.308795	0.306499	0.304284	0.302144	0.300071	0.298063	0.296113	0.29422	0.292378	0.290586
3800	0.340491	0.336706	0.333377	0.330349	0.327539	0.3249	0.322401	0.320021	0.317744	0.315558	0.313452	0.31142	0.309455	0.307552	0.305705	0.303911	0.302166	0.300468	0.298813	0.297198
3850	0.340975	0.337738	0.334856	0.332223	0.329773	0.327468	0.32528	0.323192	0.32119	0.319264	0.317406	0.315609	0.313868	0.312179	0.310536	0.308938	0.307381	0.305863	0.30438	0.302932
3900	0.341307	0.338556	0.336062	0.333769	0.33163	0.329611	0.327692	0.325858	0.324096	0.322398	0.320758	0.319169	0.317627	0.316128	0.314669	0.313247	0.31186	0.310505	0.30918	0.307885
3950	0.3415	0.339189	0.337035	0.335039	0.333167	0.331398	0.329712	0.328097	0.326544	0.325046	0.323596	0.32219	0.320824	0.319494	0.318198	0.316934	0.315698	0.31449	0.313308	0.312149
4000	0.341561	0.339657	0.337807	0.336071	0.334435	0.332881	0.331398	0.329975	0.328605	0.327281	0.325998	0.324752	0.32354	0.32236	0.321208	0.320083	0.318982	0.317905	0.31685	0.315815
4050	0.341494	0.339977	0.338402	0.336898	0.335469	0.334106	0.332801	0.331546	0.330335	0.329163	0.328027	0.326922	0.325846	0.324797	0.323772	0.32277	0.321789	0.320828	0.319886	0.318962
4100	0.3413	0.340157	0.338838	0.337545	0.336301	0.335107	0.333959	0.332852	0.331782	0.330744	0.329736	0.328755	0.327799	0.326866	0.325953	0.32506	0.324185	0.323327	0.322486	0.321659
4150	0.340977	0.340205	0.339128	0.338029	0.336954	0.335912	0.334905	0.33393	0.332984	0.332065	0.331171	0.3303	0.329449	0.328618	0.327804	0.327008	0.326227	0.32546	0.324708	0.323968
4200	0.340521	0.340123	0.339281	0.338364	0.337444	0.336542	0.335662	0.334805	0.333971	0.333159	0.332366	0.331592	0.330836	0.330096	0.329371	0.328659	0.327962	0.327276	0.326603	0.325941
4250	0.339925	0.339914	0.339301	0.338559	0.337786	0.337012	0.336249	0.335501	0.334768	0.334052	0.333351	0.332665	0.331993	0.331334	0.330687	0.330053	0.32943	0.328817	0.328214	0.327621
4300	0.339184	0.339575	0.339193	0.338621	0.337988	0.337336	0.336682	0.336034	0.335395	0.334766	0.334148	0.333541	0.332946	0.33236	0.331785	0.33122	0.330663	0.330115	0.329576	0.329045
4350	0.338288	0.339103	0.338956	0.338554	0.338057	0.337521	0.336971	0.336417	0.335864	0.335317	0.334776	0.334242	0.333716	0.333198	0.332688	0.332184	0.331689	0.3312	0.330718	0.330243
4400	0.337227	0.338493	0.338589	0.338358	0.337996	0.337574	0.337123	0.336658	0.336188	0.335717	0.335248	0.334782	0.334321	0.333865	0.333414	0.332968	0.332528	0.332093	0.331664	0.331239
4450	0.335992	0.337739	0.338089	0.338032	0.337806	0.337497	0.337144	0.336766	0.336375	0.335977	0.335576	0.335174	0.334773	0.334375	0.333979	0.333587	0.333198	0.332813	0.332432	0.332054
4500	0.334572	0.336835	0.337452	0.337576	0.337488	0.337292	0.337035	0.336743	0.336429	0.336101	0.335766	0.335425	0.335082	0.334738	0.334395	0.334053	0.333712	0.333373	0.333037	0.332703
4550	0.332956	0.335773	0.336672	0.336985	0.337039	0.336958	0.336799	0.336592	0.336354	0.336096	0.335824	0.335542	0.335255	0.334964	0.334671	0.334376	0.334081	0.333786	0.333492	0.333199
4600	0.331134	0.334545	0.335744	0.336254	0.336456	0.336494	0.336434	0.336313	0.336152	0.335962	0.335753	0.33553	0.335297	0.335057	0.334812	0.334563	0.334312	0.334059	0.333806	0.333552
4650	0.329097	0.333142	0.33466	0.33538	0.335736	0.335896	0.335939	0.335906	0.335821	0.335701	0.335555	0.33539	0.335211	0.335021	0.334823	0.334619	0.334411	0.334199	0.333984	0.333768
4700	0.326834	0.331556	0.333414	0.334355	0.334874	0.335162	0.33531	0.335368	0.335362	0.335312	0.33523	0.335123	0.334997	0.334858	0.334707	0.334547	0.334381	0.334209	0.334032	0.333853
4750	0.324339	0.329779	0.331998	0.333173	0.333863	0.334286	0.334545	0.334696	0.334772	0.334794	0.334776	0.334729	0.334658	0.334568	0.334465	0.334349	0.334225	0.334092	0.333953	0.33381
4800	0.321606	0.327803	0.330406	0.331829	0.3327	0.333264	0.333638	0.333886	0.334047	0.334144	0.334193	0.334206	0.33419	0.334152	0.334096	0.334025	0.333943	0.33385	0.333749	0.333641
4850	0.318633	0.325622	0.32863	0.330315	0.331377	0.33209	0.332585	0.332936	0.333184	0.333358	0.333477	0.333552	0.333593	0.333608	0.3336	0.333575	0.333535	0.333482	0.333419	0.333347
4900	0.31542	0.323231	0.326664	0.328626	0.32989	0.330759	0.331382	0.331839	0.332179	0.332434	0.332624	0.332764	0.332865	0.332933	0.332975	0.332996	0.333	0.332988	0.332963	0.332928
4950	0.311968	0.320626	0.324504	0.326757	0.328232	0.329265	0.330022	0.330591	0.331028	0.331367	0.331632	0.331839	0.332001	0.332125	0.332219	0.332288	0.332336	0.332366	0.332381	0.332383
5000	0.308287	0.317806	0.322145	0.324701	0.326398	0.327605	0.328501	0.329188	0.329726	0.330153	0.330496	0.330774	0.330998	0.331181	0.331328	0.331446	0.33154	0.331613	0.331669	0.331709
5050	0.304388	0.314771	0.319585	0.322457	0.324385	0.325772	0.326816	0.327626	0.328269	0.328788	0.329213	0.329563	0.329854	0.330096	0.330299	0.330469	0.330611	0.330728	0.330826	0.330905
5100	0.300286	0.311525	0.316823	0.32002	0.322189	0.323764	0.324961	0.325899	0.326653	0.327268	0.327778	0.328204	0.328564	0.328869	0.32913	0.329353	0.329544	0.329708	0.329848	0.329969
5150	0.296003	0.308075	0.313861	0.317392	0.319808	0.321578	0.322933	0.324006	0.324874	0.325589	0.326187	0.326693	0.327125	0.327495	0.327816	0.328094	0.328337	0.328549	0.328734	0.328897
5200	0.291564	0.30443	0.310703	0.314571	0.317241	0.319211	0.320731	0.321942	0.322929	0.323748	0.324439	0.325027	0.325533	0.325972	0.326354	0.32669	0.326986	0.327248	0.32748	0.327687
5250	0.287002	0.300605	0.307356	0.311563	0.31449	0.316665	0.318354	0.319707	0.320816	0.321743	0.322529	0.323203	0.323786	0.324295	0.324743	0.325138	0.32549	0.325803	0.326083	0.326335
5300	0.28235	0.296616	0.303829	0.308372	0.311557	0.31394	0.315801	0.317299	0.318535	0.319573	0.320457	0.321219	0.321882	0.322464	0.322978	0.323436	0.323844	0.324211	0.324542	0.32484
5350	0.277647	0.292486	0.300136	0.305007	0.308449	0.31104	0.313074	0.314721	0.316086	0.317237	0.318222	0.319074	0.31982	0.320477	0.32106	0.321581	0.322049	0.32247	0.322853	0.3232
5400	0.272935	0.288239	0.296292	0.301478	0.305172	0.30797	0.310178	0.311975	0.31347	0.314736	0.315823	0.316768	0.317598	0.318332	0.318986	0.319572	0.320101	0.32058	0.321015	0.321412
5450	0.268257	0.283903	0.292318	0.2978	0.301737	0.304738	0.307119	0.309065	0.31069	0.312072	0.313264	0.314303	0.315218	0.316031	0.316757	0.31741	0.318001	0.318538	0.319028	0.319476
5500	0.263654	0.27951	0.288235	0.29399	0.298157	0.301354	0.303904	0.305997	0.307753	0.309251	0.310547	0.311681	0.312682	0.313574	0.314374	0.315095	0.315749	0.316346	0.316891	0.317392
5550	0.25917	0.275094	0.284069	0.290066	0.294448	0.297831	0.300544	0.30278	0.304664	0.306277	0.307677	0.308905	0.309994	0.310965	0.311839	0.312629	0.313348	0.314004	0.314606	0.31516
5600	0.254842	0.270689	0.279848	0.286053	0.290627	0.294183	0.29705	0.299425	0.301433	0.303158	0.304661	0.305983	0.307157	0.308209	0.309156	0.310016	0.310799	0.311515	0.312174	0.312782
5650	0.250704	0.266332	0.275602	0.281974	0.286716	0.290429	0.29344	0.295945	0.298072	0.299905	0.301507	0.302921	0.30418	0.30531	0.306331	0.307259	0.308106	0.308884	0.3096	0.310262
5700	0.246787	0.262057	0.271363	0.277856	0.282738	0.286588	0.289729	0.292354	0.294592	0.296529	0.298226	0.299728	0.30107	0.302277	0.30337	0.304366	0.305277	0.306114	0.306887	0.307603
5750	0.243111	0.257897	0.267162	0.273728	0.278717	0.282682	0.285936	0.288671	0.291011	0.293044	0.294831	0.296418	0.297838	0.299119	0.300282	0.301344	0.302317	0.303214	0.304043	0.304812
5800	0.239692	0.253885	0.263031	0.269619	0.27468	0.278736	0.282085	0.284914	0.287346	0.289466	0.291336	0.293001	0.294496	0.295848	0.297078	0.298203	0.299236	0.30019	0.301074	0.301895
5850	0.23654	0.250046	0.259	0.265559	0.270654	0.274773	0.278196	0.281104	0.283615	0.285812	0.287757	0.289494	0.291059	0.292476	0.293769	0.294954	0.296045	0.297053	0.297989	0.298861
5900	0.233657	0.246403	0.255097	0.261575	0.266668	0.27082	0.274295	0.277264	0.279839	0.282103	0.284113	0.285914	0.28754	0.289018	0.290369	0.29161	0.292755	0.293815	0.294801	0.29572
5950	0.231037	0.242975	0.251348	0.257696	0.262747	0.266903	0.270407	0.273417	0.276041	0.278358	0.280422	0.282279	0.283959	0.285491	0.286894	0.288186	0.28938	0.290488	0.29152	0.292485
6000	0.228674	0.239773	0.247773	0.253946	0.258918	0.263048	0.266556	0.269587	0.272244	0.274599	0.276707	0.278607	0.280334	0.281911	0.28336	0.284697	0.285935	0.287087	0.288162	0.289168
6050	0.226553	0.236805	0.244391	0.250347	0.255206	0.25928	0.262766	0.265799	0.268471	0.270849	0.272987	0.274921	0.276684	0.278299	0.279786	0.281161	0.282438	0.283628	0.284741	0.285784
6100	0.22466	0.234072	0.241214	0.246919	0.251631	0.255621	0.259063	0.262075	0.264744	0.267131	0.269285	0.271241	0.273029	0.274673	0.27619	0.277597	0.278906	0.280128	0.281273	0.282348
6150	0.222976	0.231571	0.238251	0.243676	0.248213	0.252093	0.255466	0.258439	0.261086	0.263466	0.265623	0.267589	0.269392	0.271054	0.272592	0.274022	0.275356	0.276605	0.277776	0.278879
6200	0.221482	0.229296	0.235504	0.240628	0.244968	0.248714	0.251998	0.25491	0.25752	0.259877	0.262022	0.263985	0.265791	0.267462	0.269013	0.270458	0.271809	0.273077	0.274269	0.275393
6250	0.220161	0.227238	0.232975	0.237784	0.241906	0.245499	0.248674	0.251509	0.254063	0.256383	0.258502	0.26045	0.262249	0.263918	0.265471	0.266923	0.268284	0.269563	0.270769	0.271908
6300	0.218994	0.225383	0.230658	0.235144	0.239035	0.242459	0.245508	0.24825	0.250734	0.253002	0.255083	0.257004	0.258784	0.26044	0.261988	0.263437	0.2648	0.266083	0.267296	0.268443
6350	0.217963	0.223717	0.228546	0.232709	0.23636	0.239603	0.242513	0.245147	0.247548	0.249751	0.251782	0.253664	0.255414	0.257049	0.25858	0.260019	0.261374	0.262655	0.263867	0.265017
6400	0.217051	0.222226	0.22663	0.230474	0.233881	0.236934	0.239695	0.242211	0.244517	0.246643	0.248613	0.250445	0.252156	0.25376	0.255266	0.256685	0.258026	0.259296	0.260501	0.261646
6450	0.216244	0.220894	0.224898	0.228433	0.231596	0.234455	0.23706	0.239448	0.24165	0.24369	0.245589	0.247363	0.249025	0.250588	0.252061	0.253453	0.254772	0.256023	0.257214	0.258348
6500	0.215527	0.219705	0.223337	0.226575	0.229499	0.232164	0.234607	0.236862	0.238953	0.2409	0.242719	0.244426	0.246032	0.247546	0.248978	0.250336	0.251625	0.252852	0.254022	0.255139
6550	0.214887	0.218645	0.221933	0.224891	0.227584	0.230055	0.232337	0.234455	0.236429	0.238277	0.240011	0.241644	0.243186	0.244646	0.24603	0.247346	0.2486	0.249796	0.250938	0.252032
6600	0.214314	0.2177	0.220673	0.223368	0.225839	0.228123	0.230244	0.232224	0.23408	0.235824	0.237468	0.239022	0.240495	0.241894	0.243225	0.244494	0.245706	0.246866	0.247976	0.249041
6650	0.213798	0.216855	0.219544	0.221994	0.224256	0.226359	0.228323	0.230167	0.231902	0.23354	0.235092	0.236564	0.237964	0.239297	0.240571	0.241788	0.242953	0.244071	0.245144	0.246175
6700	0.213329	0.2161	0.218531	0.220757	0.222822	0.224753	0.226566	0.228275	0.229892	0.231425	0.232882	0.234269	0.235593	0.236858	0.23807	0.239231	0.240347	0.241418	0.24245	0.243444
6750	0.212899	0.215421	0.217623	0.219643	0.221526	0.223295	0.224963	0.226543	0.228044	0.229472	0.230834	0.232137	0.233383	0.234578	0.235726	0.236829	0.23789	0.238913	0.2399	0.240853
6800	0.212503	0.21481	0.216807	0.218641	0.220356	0.221973	0.223505	0.224961	0.22635	0.227676	0.228945	0.230162	0.231331	0.232455	0.233537	0.23458	0.235586	0.236558	0.237498	0.238407
6850	0.212132	0.214256	0.216072	0.217739	0.219301	0.220777	0.222181	0.22352	0.224801	0.226029	0.227208	0.228341	0.229433	0.230486	0.231502	0.232484	0.233433	0.234353	0.235244	0.236107
6900	0.211783	0.213752	0.215409	0.216926	0.218348	0.219696	0.22098	0.22221	0.223389	0.224522	0.225614	0.226667	0.227683	0.228666	0.229617	0.230538	0.23143	0.232296	0.233137	0.233954
6950	0.211449	0.21329	0.214808	0.216191	0.217487	0.218717	0.219892	0.221019	0.222103	0.223147	0.224156	0.225131	0.226074	0.226989	0.227876	0.228736	0.229573	0.230386	0.231176	0.231946
7000	0.211128	0.212863	0.214261	0.215526	0.216709	0.217832	0.218906	0.219939	0.220933	0.221894	0.222824	0.223725	0.224599	0.225447	0.226272	0.227074	0.227855	0.228616	0.229357	0.23008
7050	0.210814	0.212465	0.21376	0.214921	0.216003	0.21703	0.218013	0.218958	0.219871	0.220754	0.22161	0.222441	0.223248	0.224034	0.224799	0.225545	0.226272	0.226981	0.227674	0.228351
7100	0.210505	0.212091	0.213299	0.214369	0.215362	0.216302	0.217202	0.218068	0.218904	0.219715	0.220503	0.221268	0.222014	0.22274	0.223448	0.22414	0.224815	0.225475	0.226121	0.226753
7150	0.210197	0.211737	0.212871	0.213862	0.214776	0.215639	0.216464	0.217258	0.218026	0.218771	0.219495	0.220199	0.220886	0.221557	0.222212	0.222852	0.223478	0.224091	0.224691	0.225279
7200	0.209888	0.211397	0.212471	0.213394	0.214239	0.215034	0.215792	0.216521	0.217226	0.21791	0.218576	0.219224	0.219857	0.220476	0.22108	0.221672	0.222252	0.22282	0.223377	0.223923
7250	0.209574	0.211069	0.212094	0.21296	0.213744	0.214479	0.215178	0.215849	0.216497	0.217126	0.217738	0.218335	0.218918	0.219488	0.220046	0.220593	0.221129	0.221654	0.222171	0.222677
7300	0.209254	0.210748	0.211735	0.212553	0.213286	0.213968	0.214614	0.215233	0.21583	0.21641	0.216973	0.217523	0.21806	0.218585	0.2191	0.219605	0.2201	0.220586	0.221064	0.221534
7350	0.208925	0.210432	0.211391	0.212169	0.212858	0.213494	0.214094	0.214667	0.215219	0.215753	0.216273	0.21678	0.217275	0.21776	0.218235	0.218701	0.219158	0.219608	0.22005	0.220485
7400	0.208586	0.210118	0.211058	0.211805	0.212457	0.213053	0.213613	0.214145	0.214656	0.215151	0.215631	0.216099	0.216557	0.217004	0.217443	0.217873	0.218296	0.218711	0.21912	0.219523
7450	0.208234	0.209803	0.210733	0.211455	0.212077	0.21264	0.213164	0.213661	0.214137	0.214596	0.215041	0.215474	0.215897	0.216311	0.216716	0.217114	0.217505	0.217889	0.218267	0.21864
7500	0.207867	0.209484	0.210413	0.211117	0.211714	0.212249	0.212744	0.21321	0.213654	0.214082	0.214495	0.214897	0.215289	0.215673	0.216048	0.216416	0.216778	0.217134	0.217484	0.217829
7550	0.207484	0.209161	0.210095	0.210788	0.211366	0.211878	0.212347	0.212786	0.213203	0.213603	0.213989	0.214364	0.214728	0.215084	0.215433	0.215774	0.21611	0.216439	0.216764	0.217084
7600	0.207082	0.20883	0.209777	0.210464	0.211028	0.211522	0.21197	0.212387	0.21278	0.213156	0.213518	0.213868	0.214208	0.21454	0.214864	0.215181	0.215493	0.215799	0.2161	0.216397
7650	0.206661	0.20849	0.209457	0.210143	0.210698	0.211177	0.211609	0.212007	0.212381	0.212736	0.213076	0.213405	0.213723	0.214033	0.214336	0.214632	0.214922	0.215207	0.215487	0.215763
7700	0.206219	0.208139	0.209132	0.209823	0.210373	0.210842	0.21126	0.211643	0.212	0.212338	0.21266	0.21297	0.21327	0.21356	0.213844	0.214121	0.214392	0.214658	0.214919	0.215176
7750	0.205753	0.207776	0.2088	0.209502	0.210051	0.210514	0.210922	0.211292	0.211636	0.211959	0.212265	0.212559	0.212842	0.213117	0.213383	0.213643	0.213897	0.214146	0.214391	0.214631
7800	0.205263	0.207398	0.208461	0.209177	0.209729	0.210189	0.21059	0.210952	0.211284	0.211595	0.211889	0.212169	0.212438	0.212698	0.21295	0.213195	0.213434	0.213668	0.213897	0.214122
7850	0.204748	0.207005	0.208112	0.208846	0.209406	0.209866	0.210264	0.210619	0.210943	0.211244	0.211527	0.211796	0.212053	0.2123	0.21254	0.212772	0.212998	0.213219	0.213435	0.213646
7900	0.204204	0.206594	0.207751	0.208509	0.209079	0.209543	0.209939	0.21029	0.210609	0.210902	0.211177	0.211436	0.211684	0.211921	0.212149	0.21237	0.212585	0.212794	0.212998	0.213198
7950	0.203632	0.206164	0.207377	0.208162	0.208746	0.209217	0.209615	0.209965	0.210279	0.210568	0.210836	0.211088	0.211327	0.211556	0.211775	0.211987	0.212192	0.212391	0.212585	0.212775
8000	0.203029	0.205715	0.206989	0.207806	0.208407	0.208886	0.209289	0.20964	0.209953	0.210238	0.210502	0.210748	0.210981	0.211203	0.211415	0.211619	0.211815	0.212006	0.212192	0.212373
8050	0.202394	0.205244	0.206585	0.207438	0.208059	0.20855	0.20896	0.209313	0.209627	0.209911	0.210172	0.210415	0.210643	0.210859	0.211065	0.211263	0.211453	0.211637	0.211815	0.211988
8100	0.201726	0.204751	0.206165	0.207056	0.207701	0.208207	0.208625	0.208984	0.2093	0.209585	0.209845	0.210085	0.21031	0.210522	0.210724	0.210916	0.211101	0.211279	0.211451	0.211618
8150	0.201023	0.204233	0.205726	0.20666	0.207332	0.207855	0.208284	0.20865	0.20897	0.209257	0.209517	0.209757	0.209981	0.21019	0.210389	0.210578	0.210758	0.210931	0.211099	0.21126
8200	0.200284	0.20369	0.205267	0.206249	0.20695	0.207492	0.207935	0.20831	0.208636	0.208927	0.209189	0.20943	0.209653	0.209861	0.210058	0.210244	0.210421	0.210591	0.210755	0.210912
8250	0.199507	0.203121	0.204787	0.20582	0.206553	0.207118	0.207576	0.207962	0.208296	0.208592	0.208858	0.2091	0.209324	0.209533	0.209729	0.209913	0.210089	0.210256	0.210417	0.210572
8300	0.198691	0.202524	0.204286	0.205373	0.206142	0.206731	0.207206	0.207605	0.207948	0.208251	0.208522	0.208768	0.208994	0.209204	0.2094	0.209584	0.209759	0.209925	0.210084	0.210236
8350	0.197835	0.201898	0.203761	0.204907	0.205714	0.20633	0.206825	0.207238	0.207592	0.207903	0.20818	0.208431	0.20866	0.208872	0.20907	0.209255	0.209429	0.209595	0.209753	0.209904
8400	0.196936	0.201241	0.203212	0.204421	0.205269	0.205914	0.20643	0.206859	0.207226	0.207546	0.207831	0.208087	0.208321	0.208537	0.208736	0.208923	0.209099	0.209265	0.209423	0.209574
8450	0.195995	0.200553	0.202637	0.203912	0.204805	0.205481	0.206021	0.206468	0.206848	0.20718	0.207473	0.207737	0.207976	0.208196	0.208399	0.208588	0.208766	0.208934	0.209093	0.209244
8500	0.195009	0.199833	0.202036	0.203382	0.204321	0.205031	0.205596	0.206062	0.206458	0.206802	0.207105	0.207377	0.207623	0.207848	0.208056	0.208249	0.208429	0.208599	0.208759	0.208912
8550	0.193977	0.199079	0.201407	0.202827	0.203817	0.204563	0.205155	0.205642	0.206055	0.206413	0.206727	0.207008	0.207261	0.207493	0.207706	0.207903	0.208087	0.20826	0.208423	0.208577
8600	0.192898	0.198289	0.20075	0.202248	0.203291	0.204075	0.204696	0.205206	0.205638	0.20601	0.206337	0.206628	0.20689	0.207129	0.207348	0.20755	0.207739	0.207915	0.208081	0.208237
8650	0.191771	0.197464	0.200062	0.201643	0.202741	0.203566	0.204219	0.204753	0.205204	0.205593	0.205933	0.206235	0.206507	0.206754	0.20698	0.207189	0.207382	0.207563	0.207733	0.207893
8700	0.190594	0.196602	0.199344	0.201011	0.202169	0.203037	0.203722	0.204283	0.204755	0.205161	0.205515	0.20583	0.206113	0.206369	0.206602	0.206818	0.207017	0.207203	0.207377	0.207541
8750	0.189367	0.195701	0.198594	0.200352	0.201571	0.202484	0.203204	0.203793	0.204288	0.204712	0.205083	0.205411	0.205705	0.205971	0.206213	0.206436	0.206642	0.206834	0.207013	0.207181
8800	0.188088	0.194761	0.197811	0.199664	0.200948	0.201909	0.202666	0.203284	0.203802	0.204247	0.204634	0.204977	0.205283	0.20556	0.205812	0.206043	0.206256	0.206455	0.20664	0.206813
8850	0.186756	0.19378	0.196993	0.198945	0.200298	0.201309	0.202105	0.202754	0.203298	0.203763	0.204169	0.204527	0.204846	0.205135	0.205397	0.205637	0.205859	0.206064	0.206255	0.206435
8900	0.185371	0.192758	0.196141	0.198197	0.19962	0.200684	0.20152	0.202202	0.202773	0.203261	0.203686	0.20406	0.204394	0.204695	0.204968	0.205218	0.205448	0.205661	0.20586	0.206045
8950	0.183931	0.191694	0.195253	0.197416	0.198914	0.200033	0.200912	0.201628	0.202227	0.202739	0.203184	0.203576	0.203925	0.204239	0.204524	0.204785	0.205024	0.205246	0.205452	0.205644
9000	0.182436	0.190586	0.194328	0.196603	0.198178	0.199355	0.200279	0.201031	0.20166	0.202196	0.202663	0.203073	0.203438	0.203766	0.204064	0.204336	0.204586	0.204816	0.205031	0.205231
9050	0.180885	0.189434	0.193366	0.195757	0.197413	0.198649	0.19962	0.200409	0.201069	0.201632	0.202121	0.202551	0.202933	0.203276	0.203587	0.203871	0.204132	0.204372	0.204595	0.204803
9100	0.179277	0.188237	0.192364	0.194876	0.196616	0.197914	0.198934	0.199763	0.200456	0.201046	0.201558	0.202009	0.202409	0.202768	0.203093	0.20339	0.203662	0.203913	0.204145	0.204362
9150	0.177613	0.186994	0.191324	0.193961	0.195787	0.19715	0.198221	0.199091	0.199818	0.200437	0.200974	0.201446	0.201865	0.202241	0.202581	0.202891	0.203175	0.203437	0.203679	0.203905
9200	0.17589	0.185705	0.190243	0.193009	0.194925	0.196356	0.197479	0.198392	0.199155	0.199804	0.200367	0.200861	0.2013	0.201694	0.202049	0.202373	0.20267	0.202944	0.203197	0.203432
9250	0.174111	0.184368	0.189121	0.19202	0.19403	0.195531	0.196709	0.197667	0.198466	0.199147	0.199737	0.200254	0.200714	0.201126	0.201498	0.201837	0.202147	0.202433	0.202697	0.202943
9300	0.172273	0.182983	0.187957	0.190994	0.193101	0.194674	0.195909	0.196913	0.197751	0.198464	0.199082	0.199624	0.200106	0.200537	0.200926	0.201281	0.201605	0.201904	0.20218	0.202436
9350	0.170377	0.181549	0.186751	0.18993	0.192136	0.193784	0.195078	0.19613	0.197008	0.197755	0.198403	0.198971	0.199474	0.199926	0.200333	0.200704	0.201043	0.201355	0.201644	0.201912
9400	0.168423	0.180067	0.185501	0.188827	0.191136	0.192862	0.194217	0.195318	0.196237	0.19702	0.197698	0.198292	0.19882	0.199292	0.199718	0.200106	0.200461	0.200787	0.201088	0.201368
9450	0.166412	0.178535	0.184208	0.187684	0.190099	0.191905	0.193323	0.194476	0.195438	0.196258	0.196967	0.197589	0.198141	0.198635	0.199081	0.199486	0.199857	0.200198	0.200513	0.200805
9500	0.164344	0.176953	0.182871	0.186501	0.189025	0.190913	0.192397	0.193603	0.194609	0.195467	0.196209	0.19686	0.197437	0.197954	0.19842	0.198844	0.199232	0.199588	0.199917	0.200222
9550	0.162219	0.175321	0.181488	0.185277	0.187913	0.189887	0.191437	0.192698	0.193751	0.194647	0.195423	0.196104	0.196708	0.197248	0.197735	0.198179	0.198584	0.198956	0.1993	0.199619
9600	0.160038	0.173639	0.180061	0.184012	0.186763	0.188824	0.190444	0.191762	0.192862	0.193799	0.19461	0.195321	0.195952	0.196517	0.197026	0.197489	0.197913	0.198302	0.198661	0.198994
9650	0.157802	0.171907	0.178588	0.182705	0.185575	0.187725	0.189416	0.190792	0.191941	0.19292	0.193768	0.194511	0.19517	0.19576	0.196292	0.196776	0.197218	0.197624	0.197999	0.198347
9700	0.155512	0.170124	0.17707	0.181356	0.184347	0.186589	0.188353	0.18979	0.190989	0.192011	0.192896	0.193672	0.19436	0.194976	0.195532	0.196037	0.196499	0.196923	0.197315	0.197678
9750	0.15317	0.168292	0.175505	0.179964	0.183079	0.185416	0.187255	0.188753	0.190005	0.191071	0.191994	0.192804	0.193523	0.194166	0.194746	0.195273	0.195755	0.196198	0.196606	0.196985
9800	0.150776	0.16641	0.173894	0.17853	0.181771	0.184204	0.186121	0.187682	0.188987	0.190099	0.191062	0.191907	0.192657	0.193328	0.193933	0.194483	0.194986	0.195448	0.195874	0.196269
9850	0.148332	0.164478	0.172238	0.177052	0.180422	0.182955	0.18495	0.186577	0.187936	0.189095	0.190099	0.19098	0.191762	0.192461	0.193093	0.193666	0.19419	0.194672	0.195117	0.195529
9900	0.145841	0.162497	0.170535	0.175532	0.179033	0.181667	0.183743	0.185436	0.186852	0.188059	0.189105	0.190023	0.190837	0.191566	0.192224	0.192822	0.193369	0.193871	0.194334	0.194764
9950	0.143303	0.160468	0.168786	0.173967	0.177603	0.180339	0.182498	0.184259	0.185733	0.186989	0.188078	0.189034	0.189883	0.190642	0.191328	0.191951	0.19252	0.193043	0.193526	0.193974
10000	0.140721	0.158392	0.166992	0.17236	0.176131	0.178973	0.181216	0.183047	0.184579	0.185886	0.18702	0.188015	0.188898	0.189688	0.190402	0.191051	0.191644	0.192189	0.192692	0.193158